   0.741386
   0.832642
   0.838320
   0.756718
   0.624684
   0.496842
   0.411799
   0.385890
   0.419929
   0.493430
   0.567370
   0.588814
   0.522519
   0.459351
   0.503343
   0.475901
   0.162522
   0.242972
   0.363222
   0.376431
   0.418338
   0.497136
   0.532992
   0.544343
   0.522854
   0.460316
   0.350603
  -0.029772
  -0.443946
   0.093208
   0.505216
   0.563472
   0.663736
   0.677578
   0.607051
   0.469965
   0.307855
   0.442619
   0.540159
   0.536311
   0.524711
   0.523283
   0.542470
   0.575736
   0.600392
   0.606344
   0.601381
   0.588811
   0.555248
   0.523815
   0.566494
   0.631354
   0.679103
   0.678498
   0.603088
   0.479560
   0.416877
   0.438069
   0.382751
   0.383696
   0.415347
   0.430523
   0.503534
   0.605659
   0.654258
   0.811146
   0.929153
   0.930358
   0.826138
   0.661614
   0.495740
   0.374809
   0.332030
   0.383904
   0.514195
   0.751717
   0.946566
   0.702585
   0.470909
   0.402549
   0.134304
  -0.323932
   0.022042
   0.288144
   0.303809
   0.534594
   0.868441
   0.687947
   0.536806
   0.508692
   0.451973
   0.363988
   0.176482
   0.025371
   0.344828
   0.523256
   0.469751
   0.623116
   0.560031
   0.318022
   0.235845
   0.066971
   0.323045
   0.496776
   0.486738
   0.459434
   0.445834
   0.468694
   0.526339
   0.580760
   0.599698
   0.583913
   0.533258
   0.315414
   0.064188
   0.355049
   0.627551
   0.723795
   0.726621
   0.618239
   0.447857
   0.409652
   0.509776
   0.387057
   0.353480
   0.383491
   0.379465
   0.479637
   0.617120
   0.678870
   0.820324
   0.927043
   0.916812
   0.820730
   0.679880
   0.531524
   0.390525
   0.310456
   0.393864
   0.578128
   1.004001
   1.455078
   1.044532
   0.605992
   0.456736
   0.320366
   0.172197
   0.284835
   0.216747
   0.047395
   0.654567
   1.404852
   0.919803
   0.536498
   0.510566
   0.504582
   0.491040
   0.492004
   0.542711
   0.664176
   0.714670
   0.670691
   0.677623
   0.389861
  -0.024442
   0.314384
   0.574444
   0.551572
   0.489917
   0.435802
   0.385817
   0.348938
   0.357836
   0.423218
   0.503398
   0.541447
   0.516455
   0.427447
  -0.017906
  -0.500000
   0.054399
   0.577488
   0.720039
   0.732342
   0.622884
   0.453747
   0.366835
   0.379846
   0.355814
   0.401295
   0.449837
   0.449560
   0.502036
   0.602238
   0.658548
   0.798660
   0.884160
   0.864242
   0.781577
   0.674806
   0.544490
   0.202675
  -0.173080
   0.204243
   0.599383
   0.909560
   1.190298
   1.042123
   0.730374
   0.602340
   0.878404
   1.292481
   0.836131
   0.163834
  -0.310619
   0.261876
   0.857044
   0.678793
   0.517344
   0.529206
   0.573700
   0.630145
   0.696064
   0.768542
   0.829579
   0.830984
   0.631869
   0.354128
   0.412026
   0.392010
   0.602166
   0.763086
   0.658936
   0.510450
   0.416585
   0.346180
   0.287834
   0.273855
   0.325151
   0.408333
   0.458442
   0.453656
   0.420033
   0.183622
  -0.065700
   0.250793
   0.560443
   0.697954
   0.721332
   0.645772
   0.605590
   0.621941
   0.460737
   0.413555
   0.486043
   0.522122
   0.503259
   0.500834
   0.555793
   0.606930
   0.752304
   0.818284
   0.798857
   0.730029
   0.651241
   0.534718
  -0.063056
  -0.500000
  -0.035013
   0.737088
   1.081983
   0.996662
   0.851687
   0.713043
   0.696929
   1.405904
   1.500000
   1.412927
   0.480542
   0.140708
   0.353805
   0.550795
   0.570045
   0.567813
   0.587852
   0.647302
   0.735306
   0.802758
   0.831758
   0.869695
   0.820860
   0.368309
  -0.199880
   0.341466
   0.750062
   0.807283
   0.893547
   0.957385
   0.673213
   0.454142
   0.367747
   0.304083
   0.274870
   0.301388
   0.357740
   0.412035
   0.628945
   0.914993
   0.597059
   0.369641
   0.425533
   0.524872
   0.615090
   0.689609
   0.729634
   0.918819
   1.084361
   0.726607
   0.545474
   0.583169
   0.583891
   0.507668
   0.434542
   0.478391
   0.544149
   0.676247
   0.715718
   0.723232
   0.683477
   0.630672
   0.585394
   0.342078
   0.024516
   0.406063
   0.983333
   1.431621
   1.040087
   0.703809
   0.620791
   0.644625
   1.026370
   1.500000
   1.091066
   0.530423
   0.307251
   0.710103
   0.766277
   0.695583
   0.689849
   0.690014
   0.727722
   0.782172
   0.632946
   0.367005
   0.634766
   0.816944
   0.912807
   1.067456
   0.984179
   0.908341
   0.896696
   1.099134
   1.365046
   0.889327
   0.526995
   0.435619
   0.379035
   0.344760
   0.349317
   0.374902
   0.435542
   0.936569
   1.500000
   0.975165
   0.499423
   0.451823
   0.230437
  -0.047291
   0.397530
   0.790403
   0.998373
   0.956520
   0.700207
   0.614048
   0.646014
   0.621139
   0.329565
  -0.058204
   0.221114
   0.483107
   0.500838
   0.415771
   0.577283
   0.659231
   0.638042
   0.638308
   0.642251
   0.628137
   0.677641
   0.815737
   0.964764
   0.743197
   0.562175
   0.536750
   0.591538
   0.723438
   0.853797
   0.797679
   0.368628
   0.096957
   0.978505
   1.034691
   0.837639
   0.819881
   0.803048
   0.802009
   0.783505
   0.326719
  -0.322166
   0.274908
   0.774956
   1.472602
   1.500000
   1.500000
   0.932979
   0.830908
   0.879110
   0.960229
   0.713403
   0.560212
   0.518614
   0.469118
   0.424504
   0.404502
   0.403666
   0.424213
   0.656831
   0.992521
   0.742165
   0.548350
   0.467143
  -0.141226
  -0.500000
   0.000981
   0.723237
   0.846532
   0.742222
   0.623661
   0.602935
   0.641562
   0.659822
   0.184558
  -0.500000
  -0.060592
   0.454458
   0.316302
   0.088313
   0.459804
   0.675238
   0.670809
   0.663612
   0.594006
   0.479904
   0.557844
   0.612736
   0.614688
   0.559418
   0.504326
   0.521967
   0.602426
   0.697452
   0.755955
   0.739828
   0.547130
   0.431621
   0.865901
   0.939042
   0.893065
   0.901578
   0.873570
   0.829595
   0.775326
   0.514557
   0.162776
   0.422964
   0.644454
   0.976373
   1.430814
   1.064810
   0.740693
   0.651168
   0.594906
   0.442964
   0.239262
   0.447302
   0.595806
   0.568659
   0.502137
   0.443090
   0.410435
   0.403946
   0.443028
   0.526105
   0.570743
   0.589630
   0.555678
   0.263152
  -0.107177
   0.336250
   0.714033
   0.765900
   0.683939
   0.574956
   0.530270
   0.540609
   0.396914
  -0.040867
  -0.174075
   0.265159
   0.513683
   0.468233
   0.522250
   0.906702
   0.835590
   0.701134
   0.660549
   0.442684
   0.138476
   0.327797
   0.596798
   0.785171
   0.643839
   0.527482
   0.562802
   0.637591
   0.685289
   0.677270
   0.630929
   0.585241
   0.595247
   0.704322
   0.802777
   0.876205
   0.902070
   0.857377
   0.768272
   0.661041
   0.398890
   0.088698
   0.304192
   0.473608
   0.484295
   0.492655
   0.529286
   0.504554
   0.441385
   0.384778
   0.089191
  -0.289015
   0.245776
   0.723814
   0.733381
   0.621420
   0.509963
   0.433648
   0.420097
   0.462848
   0.527092
   0.598076
   0.641731
   0.775047
   0.926443
   0.658021
   0.597422
   0.703461
   0.723771
   0.632346
   0.501476
   0.430234
   0.373119
  -0.291572
  -0.500000
  -0.288707
   0.467905
   0.570846
   0.568044
   0.889307
   1.370240
   0.987626
   0.696836
   0.653816
   0.496476
   0.267814
   0.312808
   0.650689
   1.044091
   0.706066
   0.517386
   0.585181
   0.651494
   0.690254
   0.673131
   0.552648
   0.498977
   0.554305
   0.629266
   0.726679
   0.809934
   0.821558
   0.727020
   0.572944
   0.451156
   0.020887
  -0.500000
  -0.018322
   0.317110
  -0.150919
  -0.500000
  -0.144084
   0.312963
   0.297927
   0.276969
   0.168393
  -0.155615
   0.163599
   1.287890
   1.201992
   0.815604
   0.635076
   0.530798
   0.583950
   0.714599
   0.678237
   0.666028
   0.701284
   1.030404
   1.477657
   0.950284
   0.618372
   0.648041
   0.643929
   0.544426
   0.412786
   0.339598
   0.315818
   0.008674
  -0.411523
   0.115983
   0.533640
   0.598868
   0.495445
   0.604710
   0.825355
   0.702295
   0.638584
   0.647645
   0.556510
   0.398918
   0.310155
   0.424813
   0.632740
   0.522442
   0.492529
   0.571150
   0.659814
   0.982832
   1.344885
   0.861819
   0.674786
   0.902657
   0.760894
   0.683469
   0.720835
   0.672542
   0.328278
  -0.121751
   0.100743
   0.162279
  -0.030131
   0.214031
   0.252035
  -0.500000
  -0.500000
  -0.500000
   0.233849
   0.260345
   0.275848
   0.302392
  -0.114541
  -0.031747
   1.500000
   1.500000
   0.998709
   0.768501
   0.740167
   1.021551
   1.156538
   0.889420
   0.754241
   0.737426
   0.838589
   0.996031
   0.728306
   0.563514
   0.560958
   0.526504
   0.431742
   0.325215
   0.275376
   0.298172
   0.325810
   0.342463
   0.454928
   0.563326
   0.607581
   0.401693
   0.340064
   0.385798
   0.479185
   0.595589
   0.651046
   0.586675
   0.450895
   0.346404
   0.335666
   0.392350
   0.442351
   0.502244
   0.565251
   0.677218
   1.352230
   1.500000
   1.315534
   1.002254
   1.446178
   0.994080
   0.663551
   0.629853
   0.509187
  -0.137086
  -0.500000
  -0.186968
   0.486448
   0.495053
   0.445824
   0.043684
  -0.500000
  -0.500000
  -0.066482
   0.285016
   0.146980
   0.302376
   0.610477
   0.710317
   0.612723
   1.432342
   1.367514
   1.028084
   0.763317
   0.726820
   1.214995
   1.144935
   0.869150
   0.801483
   0.771354
   0.709357
   0.642258
   0.553692
   0.493741
   0.452572
   0.397764
   0.325533
   0.263699
   0.253346
   0.303688
   0.378589
   0.443713
   0.503374
   0.565909
   0.602174
   0.326696
   0.232645
   0.273942
   0.413420
   0.569077
   0.648417
   0.617527
   0.525869
   0.453038
   0.436315
   0.466889
   0.519992
   0.571558
   0.609035
   0.649333
   0.868815
   1.145282
   0.865099
   0.802875
   0.992757
   0.740960
   0.537548
   0.523470
   0.466476
   0.157190
  -0.246937
   0.240688
   0.805404
   0.713596
   0.510595
  -0.314186
  -0.500000
  -0.491580
   0.332839
   0.215478
  -0.028508
   0.321453
   0.969043
   1.500000
   1.118181
   0.850387
   1.079758
   1.299434
   0.833582
   0.339263
   0.723999
   0.845934
   0.783565
   0.782787
   0.759866
   0.691919
   0.599011
   0.505805
   0.424516
   0.357747
   0.306585
   0.269726
   0.256779
   0.292700
   0.365654
   0.445884
   0.506222
   0.547480
   0.599986
   0.643595
   0.296689
   0.208004
   0.240011
   0.378553
   0.531534
   0.606576
   0.610861
   0.573578
   0.544336
   0.547431
   0.581472
   0.619886
   0.637616
   0.667348
   0.664945
   0.529539
   0.361082
   0.520247
   0.633906
   0.598034
   0.278345
  -0.108224
   0.222369
   0.704779
   1.012695
   0.568030
   0.428744
   0.636214
   0.650187
   0.590056
   0.203501
  -0.342703
   0.043745
   0.356702
   0.301119
   0.235341
   0.466786
   0.842872
   1.160320
   0.858070
   0.538927
   1.049574
   1.500000
   1.209422
   0.576928
   0.614205
   0.718607
   0.724870
   0.717668
   0.692681
   0.634994
   0.549266
   0.458147
   0.380455
   0.325383
   0.297567
   0.267784
   0.252821
   0.365935
   0.474254
   0.541025
   0.583099
   0.622362
   0.845819
   1.129457
   0.326336
   0.259070
   0.255246
   0.351834
   0.426127
   0.399223
   0.500755
   0.560215
   0.572786
   0.605790
   0.660029
   0.688689
   0.668395
   0.702959
   0.699425
   0.437800
   0.107923
   0.420713
   0.623365
   0.520633
  -0.114425
  -0.500000
  -0.169873
   1.032630
   1.500000
   1.014574
   0.406901
   0.443853
   0.545174
   0.606646
   0.561099
   0.342088
   0.154380
   0.266905
   0.360125
   0.411047
   0.528856
   0.686167
   0.817521
   0.781152
   0.660051
   0.827673
   1.058762
   0.861576
   0.651545
   0.656022
   0.687226
   0.675411
   0.658216
   0.629605
   0.575773
   0.503772
   0.437244
   0.392024
   0.369686
   0.368760
   0.323269
   0.270694
   0.453269
   0.584230
   0.617948
   0.634091
   0.687528
   1.163945
   1.500000
   0.365007
   0.278785
   0.212967
   0.201545
   0.243816
   0.133189
   0.331524
   0.462772
   0.527344
   0.607924
   0.691747
   0.752955
   0.762560
   0.760991
   0.727157
   0.593858
   0.453627
   0.599941
   0.664123
   0.563689
   0.222869
  -0.217099
   0.057942
   0.662289
   1.073252
   0.632388
   0.325522
   0.351199
   0.447521
   0.530863
   0.530921
   0.246018
  -0.146519
   0.109910
   0.337999
   0.399123
   0.484378
   0.615126
   0.757729
   0.837410
   0.804860
   0.707809
   0.606878
   0.540756
   0.564893
   0.635690
   0.628384
   0.551721
   0.590509
   0.602176
   0.551507
   0.490160
   0.447150
   0.431293
   0.435363
   0.461248
   0.485432
   0.508621
   0.609007
   0.647340
   0.630778
   0.625982
   0.662218
   0.897376
   1.173652
   0.414555
   0.312290
   0.148874
   0.006361
   0.232015
   0.299055
   0.196806
  -0.003941
   0.284011
   0.554239
   0.668742
   0.741396
   0.759924
   0.726743
   0.679073
   0.660562
   0.685635
   0.731729
   0.709490
   0.609181
   0.481655
   0.384492
   0.366602
   0.422951
   0.428016
   0.321756
   0.253807
   0.270416
   0.336902
   0.412361
   0.445293
   0.325667
   0.131592
   0.218324
   0.293463
   0.324523
   0.389606
   0.521545
   0.709691
   0.862824
   0.881087
   0.759223
   0.602456
   0.531110
   0.573294
   0.645860
   0.573352
   0.406530
   0.520491
   0.586819
   0.537125
   0.475772
   0.435047
   0.422829
   0.436849
   0.485870
   0.569582
   0.650030
   0.677999
   0.634413
   0.575777
   0.565707
   0.613940
   0.693941
   0.724920
   0.448539
   0.351254
   0.247641
   0.196442
   0.363160
   0.423119
   0.002856
  -0.500000
  -0.004422
   0.479140
   0.600261
   0.654550
   0.659159
   0.624641
   0.596780
   0.623079
   0.700723
   0.765929
   0.742459
   0.554518
   0.321107
   0.373472
   0.418196
   0.383371
   0.329517
   0.272283
   0.243741
   0.255703
   0.280712
   0.327812
   0.376706
   0.382173
   0.329629
   0.196430
   0.033109
   0.127841
   0.246531
   0.385791
   0.618804
   0.850246
   0.943497
   0.863421
   0.713813
   0.630238
   0.650973
   0.704423
   0.680339
   0.591151
   0.591610
   0.568084
   0.497745
   0.423074
   0.361899
   0.329603
   0.347570
   0.434198
   0.578989
   0.702646
   0.683733
   0.581291
   0.493229
   0.486157
   0.564676
   0.666052
   0.691639
   0.464962
   0.367870
   0.306546
   0.323607
   0.416853
   0.481693
   0.315351
   0.042300
   0.276345
   0.478083
   0.524872
   0.544258
   0.544082
   0.537578
   0.556852
   0.626594
   0.730695
   0.806091
   0.772951
   0.467814
   0.076639
   0.269244
   0.407602
   0.361022
   0.308546
   0.284996
   0.359016
   0.476344
   0.382354
   0.330897
   0.363226
   0.377903
   0.322016
   0.046408
  -0.300371
  -0.092843
   0.103152
   0.232175
   0.476962
   0.762520
   0.937630
   0.935314
   0.831096
   0.750808
   0.741668
   0.766262
   0.851503
   0.935066
   0.735201
   0.551299
   0.448387
   0.353976
   0.264631
   0.205793
   0.229502
   0.378577
   0.735911
   1.092488
   0.843238
   0.550518
   0.428703
   0.417344
   0.501920
   0.618010
   0.664452
   0.504260
   0.418915
   0.355513
   0.374708
   0.478345
   0.598941
   0.646018
   0.605004
   0.566703
   0.521866
   0.458986
   0.404325
   0.429096
   0.485042
   0.565854
   0.677298
   0.788559
   0.847726
   0.809004
   0.620446
   0.398103
   0.449903
   0.468332
   0.398755
   0.345294
   0.346664
   0.542192
   0.803224
   0.569776
   0.396649
   0.392634
   0.383169
   0.322743
   0.154099
  -0.045643
   0.005847
   0.061278
   0.136904
   0.348454
   0.637963
   0.865707
   0.941314
   0.895798
   0.825148
   0.779065
   0.741572
   0.894512
   1.195439
   0.870624
   0.562564
   0.437654
   0.329864
   0.222528
   0.146875
   0.170835
   0.362459
   0.958503
   1.500000
   1.061610
   0.550417
   0.406101
   0.383755
   0.447551
   0.549780
   0.609993
   0.586175
   0.534513
   0.473767
   0.490185
   0.607261
   0.757401
   0.838313
   0.805434
   0.698319
   0.554120
   0.228545
  -0.130100
   0.149944
   0.433871
   0.574617
   0.690806
   0.768545
   0.829136
   0.797893
   0.704774
   0.632032
   0.606651
   0.549481
   0.460534
   0.427544
   0.430479
   0.525409
   0.655719
   0.550522
   0.456986
   0.426974
   0.384576
   0.324263
   0.262345
   0.208272
   0.169039
   0.133285
   0.164449
   0.321498
   0.568410
   0.795845
   0.909411
   0.900830
   0.829350
   0.715605
   0.333787
  -0.026353
   0.525967
   0.701819
   0.579291
   0.478602
   0.373367
   0.268858
   0.195897
   0.212079
   0.340309
   0.665683
   1.032847
   0.795705
   0.524373
   0.425532
   0.402481
   0.441003
   0.514720
   0.571028
   0.739989
   0.723804
   0.622916
   0.607604
   0.718028
   0.870485
   0.943275
   0.883840
   0.742550
   0.552096
  -0.041040
  -0.500000
  -0.156775
   0.383233
   0.528976
   0.434469
   0.227468
   0.548744
   0.721160
   0.671786
   0.644950
   0.637002
   0.453735
   0.177709
   0.361691
   0.512007
   0.533740
   0.556357
   0.546605
   0.507875
   0.446374
   0.370550
   0.308695
   0.287553
   0.293222
   0.285555
   0.266253
   0.290762
   0.404257
   0.588842
   0.770422
   0.870640
   0.864229
   0.782772
   0.602369
  -0.196085
  -0.500000
  -0.192059
   0.534851
   0.584268
   0.517456
   0.431349
   0.352199
   0.302713
   0.293116
   0.146106
  -0.035174
   0.358693
   0.556523
   0.510201
   0.468430
   0.460610
   0.485863
   0.534797
   0.571910
   1.401349
   1.390396
   0.871254
   0.619483
   0.707614
   0.856689
   0.912469
   0.835181
   0.697542
   0.637982
   0.453461
  -0.004244
   0.173870
   0.408114
   0.457885
   0.070892
  -0.494508
   0.173432
   0.622827
   0.621122
   0.615596
   0.609306
   0.229357
  -0.351045
   0.094430
   0.519460
   0.584640
   0.594473
   0.586050
   0.531971
   0.435358
   0.328710
   0.245168
   0.222930
   0.291753
   0.348523
   0.372896
   0.414390
   0.504769
   0.634951
   0.758177
   0.819496
   0.798736
   0.718241
   0.580798
   0.165254
  -0.298702
   0.146595
   0.507895
   0.539083
   0.493571
   0.438595
   0.399165
   0.384204
   0.348833
  -0.120687
  -0.500000
  -0.036772
   0.473741
   0.509525
   0.507348
   0.510570
   0.523068
   0.593941
   0.643198
   1.500000
   1.500000
   0.926091
   0.151332
   0.411379
   0.709703
   0.771233
   0.698012
   0.596901
   0.736665
   0.970665
   0.681715
   0.493068
   0.478119
   0.478657
   0.431110
   0.356655
   0.510598
   0.588540
   0.571275
   0.577493
   0.582224
   0.292399
  -0.209252
   0.063873
   0.483639
   0.608461
   0.631913
   0.596332
   0.506351
   0.379968
   0.239211
  -0.020058
  -0.261269
   0.062581
   0.329597
   0.402050
   0.453790
   0.528344
   0.624385
   0.708725
   0.741541
   0.715648
   0.657247
   0.586784
   0.491556
   0.409849
   0.441852
   0.472667
   0.456541
   0.434523
   0.427003
   0.407760
   0.403159
   0.394130
   0.192552
  -0.085375
   0.244126
   0.486664
   0.514121
   0.533566
   0.541029
   0.559437
   0.823895
   1.095254
   1.369811
   1.267214
   0.330700
  -0.500000
   0.008141
   0.510204
   0.596735
   0.554574
   0.494789
   0.619513
   0.810437
   0.730700
   0.679156
   0.699387
   0.593698
   0.789376
   1.145630
   0.811740
   0.541343
   0.511204
   0.538329
   0.541844
   0.240808
  -0.217454
   0.136325
   0.517095
   0.626866
   0.660469
   0.581922
   0.443933
   0.293340
   0.130391
  -0.344261
  -0.500000
  -0.207090
   0.334821
   0.402843
   0.417826
   0.468590
   0.546163
   0.618294
   0.648065
   0.638100
   0.637944
   0.651211
   0.599056
   0.528145
   0.464959
   0.435189
   0.416075
   0.514431
   0.673284
   0.515109
   0.350802
   0.287373
   0.368336
   0.418981
   0.489256
   0.544502
   0.543056
   0.561773
   0.600663
   0.677848
   1.139755
   1.500000
   0.700932
   0.581969
   0.340323
  -0.008626
   0.173399
   0.384128
   0.452651
   0.474661
   0.495155
   0.591585
   0.708900
   0.759597
   0.868049
   0.986409
   0.717451
   0.644590
   0.772424
   0.585804
   0.420537
   0.381320
   0.477001
   0.538277
   0.412135
   0.219297
   0.401673
   0.581048
   0.648257
   0.658399
   0.560971
   0.394084
   0.226227
   0.100577
  -0.112994
  -0.291297
   0.301961
   0.901048
   0.628263
   0.387121
   0.388339
   0.451625
   0.523386
   0.566990
   0.605715
   0.859081
   1.200915
   0.896082
   0.494057
   0.216883
   0.332492
   0.446887
   0.707034
   1.058482
   0.690212
   0.300568
   0.164845
   0.404914
   0.517489
   0.560351
   0.621699
   0.597893
   0.596460
   0.641274
   0.707278
   0.916942
   1.131706
   0.676688
   0.650469
   0.597374
   0.461804
   0.340096
   0.288744
   0.297767
   0.408046
   0.524746
   0.650199
   0.770691
   0.827698
   0.861867
   0.873165
   0.694100
   0.557670
   0.503047
   0.442084
   0.342980
   0.258233
   0.422690
   0.551724
   0.567777
   0.560644
   0.608272
   0.681353
   0.736035
   0.722776
   0.605474
   0.415376
   0.238107
   0.147285
   0.137860
   0.232343
   0.848611
   1.500000
   0.921732
   0.387955
   0.338987
   0.375316
   0.427234
   0.499527
   0.604987
   1.172077
   1.500000
   1.260617
   0.433169
  -0.089270
   0.248607
   0.510708
   0.641678
   0.801501
   0.598214
   0.399997
   0.407015
   0.634591
   0.630488
   0.611139
   0.649658
   0.639388
   0.632360
   0.649178
   0.672384
   0.697398
   0.694304
   0.711802
   0.752887
   0.697729
   0.565392
   0.391754
  -0.015553
  -0.428431
   0.087476
   0.525412
   0.691878
   0.812038
   0.859920
   0.838137
   0.786411
   0.709238
   0.624855
   0.548125
   0.495636
   0.444807
   0.406535
   0.489810
   0.574098
   0.631582
   0.690615
   0.759441
   0.834225
   0.881731
   0.849412
   0.713194
   0.516285
   0.349736
   0.279759
   0.297021
   0.338812
   0.281671
   0.158498
   0.263367
   0.328266
   0.319803
   0.223313
   0.104869
   0.328555
   0.530295
   0.847887
   1.245519
   1.011429
   0.690445
   0.466611
   0.568153
   0.616489
   0.736671
   0.889954
   0.668007
   0.478702
   0.468982
   0.633907
   0.680270
   0.685616
   0.678869
   0.633849
   0.633307
   0.629039
   0.620559
   0.627110
   0.623717
   0.710049
   0.777517
   0.764468
   0.763849
   0.709149
  -0.238444
  -0.500000
  -0.295028
   0.515948
   0.696130
   0.791634
   0.824373
   0.799950
   0.762283
   0.726532
   0.679052
   0.622552
   0.578598
   0.552632
   0.537267
   0.547634
   0.596052
   0.689774
   0.806817
   0.913572
   0.990883
   1.016763
   0.959478
   0.817134
   0.643989
   0.516026
   0.467384
   0.469478
   0.400294
  -0.355927
  -0.500000
  -0.429280
   0.283157
   0.326272
   0.061217
  -0.285744
   0.091163
   0.371048
   0.540425
   0.700831
   0.794143
   0.877005
   0.875515
   0.621906
   0.353881
   0.906971
   1.349378
   0.899016
   0.522468
   0.416865
   0.607138
   0.740060
   0.737987
   0.476183
   0.103664
   0.367822
   0.556686
   0.555420
   0.577776
   0.604318
   0.688277
   0.766940
   0.802042
   0.983069
   1.208033
   0.518489
  -0.211362
   0.196554
   0.561229
   0.649676
   0.702740
   0.713242
   0.685861
   0.661715
   0.657260
   0.658378
   0.648119
   0.619644
   0.592416
   0.570438
   0.567384
   0.621605
   0.750076
   0.910427
   1.038352
   1.101413
   1.085627
   0.989963
   0.852920
   0.718999
   0.651429
   0.622977
   0.590448
   0.497642
   0.075151
  -0.442232
  -0.007843
   0.343638
   0.379812
   0.266131
   0.105749
   0.214068
   0.258856
   0.449636
   0.625659
   0.764761
   0.905867
   0.806591
   0.136646
  -0.230139
   0.723048
   1.129012
   0.829290
   0.641870
   0.611170
   0.718357
   0.782424
   0.712740
   0.113002
  -0.500000
  -0.073111
   0.434778
   0.490210
   0.535958
   0.586800
   0.639235
   0.715817
   0.752238
   0.839180
   1.182282
   1.318136
   0.795313
   0.551606
   0.552125
   0.563015
   0.574742
   0.550945
   0.501368
   0.505547
   0.537826
   0.611470
   0.690774
   0.644503
   0.596054
   0.578942
   0.583983
   0.651315
   0.800016
   0.978179
   1.105873
   1.139629
   1.028344
   0.825211
   0.706647
   0.567810
   0.618887
   0.634048
   0.583973
   0.478506
   0.330274
   0.228053
   0.290273
   0.383529
   0.438880
   0.455179
   0.452907
   0.452301
   0.441871
   0.540459
   0.647748
   0.770513
   0.897534
   0.660699
   0.028950
   0.218657
   0.863840
   0.922915
   0.771560
   0.713244
   0.713701
   0.737561
   0.733848
   0.662177
   0.321472
  -0.265889
  -0.238499
   0.221926
   0.438284
   0.508701
   0.564717
   0.469399
   0.573214
   0.653436
   0.668152
   1.066863
   1.500000
   1.019830
   0.565991
   0.507248
   0.490141
   0.460223
   0.264413
   0.004193
   0.221832
   0.417214
   0.563181
   0.733351
   0.660622
   0.594278
   0.589564
   0.600087
   0.665444
   0.808825
   0.979155
   1.097064
   1.111144
   0.905917
   0.593117
   0.501814
   0.302955
   0.310434
   0.168447
   0.315297
   0.349077
   0.234517
   0.196262
   0.273444
   0.408118
   0.530046
   0.597297
   0.593117
   0.586840
   0.597461
   0.624383
   0.673218
   0.773783
   0.906831
   0.878532
   0.724339
   1.143053
   1.500000
   1.168244
   0.791467
   0.693718
   0.658445
   0.638141
   0.606411
   0.559432
   0.441486
  -0.037277
  -0.500000
   0.010664
   0.441821
   0.517347
   0.552377
   0.153825
   0.161223
   0.457471
   0.535416
   0.373945
   0.216881
   0.375274
   0.499078
   0.502182
   0.480815
   0.423183
   0.014577
  -0.500000
  -0.039835
   0.335078
   0.431708
   0.545064
   0.567203
   0.583083
   0.599927
   0.605834
   0.654550
   0.776482
   0.918630
   1.022886
   1.048094
   0.917895
   0.726533
   0.678116
   0.512858
   0.112668
  -0.459845
  -0.034926
   0.228909
   0.151674
   0.145469
   0.274021
   0.485067
   0.782942
   1.029538
   0.844920
   0.675685
   0.635344
   0.627509
   0.655870
   0.743707
   0.877978
   0.985975
   1.071460
   1.500000
   1.500000
   1.477410
   0.764160
   0.610918
   0.540591
   0.462996
   0.386408
   0.412226
   0.424915
   0.265401
   0.067688
   0.357558
   0.563672
   0.577808
   0.570092
  -0.022801
  -0.495773
   0.132444
   0.517042
   0.355907
   0.132889
   0.344018
   0.522106
   0.532283
   0.516587
   0.499206
   0.325758
   0.073007
   0.253846
   0.361663
   0.348341
   0.389152
   0.469808
   0.551943
   0.595626
   0.597947
   0.661534
   0.806913
   0.875495
   0.925109
   0.920605
   0.665814
   0.350555
   0.591948
   0.673089
   0.378588
   0.016648
   0.155028
   0.223585
   0.154593
   0.176209
   0.334266
   0.596224
   1.084374
   1.500000
   1.119642
   0.735770
   0.629200
   0.592444
   0.607538
   0.677459
   0.789232
   0.909037
   0.978069
   1.203029
   1.468482
   0.995781
   0.614932
   0.491328
   0.403547
   0.271412
   0.147018
   0.267630
   0.405645
   0.496168
   0.583747
   0.681565
   0.706767
   0.665006
   0.613796
   0.041450
  -0.500000
   0.077135
   0.557288
   0.556347
   0.428411
   0.321783
   0.452316
   0.518691
   0.521327
   0.561371
   0.599024
   0.583965
   0.533500
   0.425119
   0.324926
   0.308474
   0.379218
   0.518912
   0.642312
   0.610262
   0.681508
   0.878613
   0.870559
   0.850962
   0.703111
   0.060820
  -0.425247
   0.292700
   0.670212
   0.552843
   0.408696
   0.335812
   0.263138
   0.209620
   0.249235
   0.406972
   0.645417
   0.968773
   1.212413
   0.976714
   0.726474
   0.614656
   0.566012
   0.562634
   0.537084
   0.526034
   0.733791
   0.845137
   0.813355
   0.758003
   0.646644
   0.489535
   0.377063
   0.294980
   0.202008
   0.139581
   0.229940
   0.371373
   0.529076
   0.686392
   0.782888
   0.785615
   0.725003
   0.651591
   0.418592
   0.172276
   0.379478
   0.526655
   0.526203
   0.312871
   0.009645
   0.253360
   0.420971
   0.449164
   0.539241
   0.655313
   0.704469
   0.634483
   0.473070
   0.309723
   0.229791
   0.267891
   0.458110
   0.676153
   0.613542
   0.606386
   0.737314
   0.798180
   0.815919
   0.552511
  -0.012554
   0.061329
   0.603292
   0.736595
   0.605115
   0.470830
   0.364251
   0.284905
   0.254229
   0.302453
   0.435582
   0.617010
   0.781761
   0.856416
   0.811207
   0.728848
   0.623669
   0.563288
   0.539034
   0.391440
   0.227971
   0.561967
   0.767969
   0.734827
   0.901492
   1.177719
   0.697324
   0.335836
   0.244117
   0.184744
   0.164340
   0.215304
   0.329038
   0.490114
   0.659120
   0.776563
   0.802328
   0.740314
   0.661943
   0.593478
   0.508390
   0.307150
   0.121019
   0.291711
   0.322559
   0.182991
   0.262283
   0.307473
   0.333362
   0.453346
   0.616106
   0.710312
   0.664235
   0.495733
   0.294010
   0.160723
   0.152776
   0.213879
   0.281420
   0.444951
   0.571206
   0.675151
   0.786468
   0.851994
   0.743819
   0.561926
   0.800305
   1.071905
   0.880784
   0.642275
   0.481978
   0.348078
   0.263552
   0.250420
   0.304355
   0.403360
   0.520005
   0.620461
   0.693685
   0.898835
   1.136195
   0.820162
   0.583148
   0.549594
   0.501533
   0.476218
   0.684501
   0.791533
   0.773404
   1.281564
   1.500000
   1.079046
   0.381247
   0.273904
   0.225002
   0.205954
   0.237828
   0.316688
   0.435872
   0.584297
   0.788085
   0.951611
   0.807144
   0.661723
   0.582803
   0.458757
   0.020464
  -0.386331
   0.005678
   0.270610
   0.286108
   0.266629
   0.225746
   0.225235
   0.322068
   0.508155
   0.642721
   0.635535
   0.492396
   0.288077
   0.136258
   0.148525
   0.137420
  -0.026930
   0.333685
   0.631749
   0.741954
   0.836059
   0.889511
   0.863274
   0.837007
   1.201624
   1.500000
   1.117702
   0.620391
   0.435790
   0.291972
   0.210610
   0.219860
   0.287173
   0.359552
   0.414372
   0.460994
   0.571146
   1.227329
   1.500000
   1.246275
   0.623012
   0.570413
   0.620536
   0.723093
   0.851062
   0.889867
   0.820595
   0.949267
   1.202581
   0.740049
   0.427833
   0.383326
   0.350141
   0.330090
   0.338747
   0.367177
   0.416051
   0.516421
   0.816516
   1.153505
   0.898750
   0.663016
   0.576127
   0.500615
   0.267914
   0.034369
   0.048648
  -0.028980
   0.140562
   0.239416
   0.187452
   0.024900
  -0.105881
   0.219958
   0.502086
   0.549939
   0.455262
   0.290008
   0.169438
   0.280560
   0.489938
   0.399309
   0.567897
   0.757371
   0.835989
   0.874973
   0.875564
   0.818845
   0.778168
   1.198944
   1.500000
   1.076928
   0.500042
   0.344991
   0.234510
   0.186298
   0.234242
   0.327579
   0.387527
   0.396065
   0.392839
   0.462174
   1.121376
   1.500000
   1.232813
   0.627329
   0.599854
   0.684380
   0.819419
   0.951694
   0.991294
   0.896466
   0.746829
   0.637155
   0.548044
   0.534741
   0.544055
   0.543462
   0.547002
   0.514247
   0.480323
   0.456079
   0.473605
   0.627379
   0.827170
   0.744573
   0.638908
   0.592689
   0.579119
   0.530003
   0.438750
   0.094394
  -0.357517
  -0.007327
   0.244291
   0.157566
  -0.420414
  -0.500000
  -0.482458
   0.244786
   0.413694
   0.375801
   0.283634
   0.229440
   0.331203
   0.552292
   0.655789
   0.766530
   0.906208
   1.008021
   0.925903
   0.822206
   0.721844
   0.619302
   0.697846
   0.862213
   0.545226
   0.318895
   0.266423
   0.229240
   0.243709
   0.342470
   0.464826
   0.522707
   0.542009
   0.540554
   0.331225
   0.349045
   0.864759
   0.762177
   0.594541
   0.625010
   0.716300
   0.845508
   0.967511
   1.005492
   0.921648
   0.769447
   0.653893
   0.633972
   0.674213
   0.717611
   0.894297
   1.126397
   0.868178
   0.645944
   0.561530
   0.512973
   0.534222
   0.598009
   0.620833
   0.606676
   0.602088
   0.619497
   0.624950
   0.595342
   0.404156
   0.138104
   0.237350
   0.296295
   0.157708
  -0.500000
  -0.500000
  -0.500000
   0.016739
   0.275811
   0.271614
   0.267321
   0.307631
   0.419416
   0.581917
   0.724334
   0.836256
   1.012407
   1.182054
   0.981325
   0.778630
   0.650221
   0.512413
   0.387278
   0.291256
   0.207661
   0.199358
   0.237692
   0.281935
   0.362885
   0.502540
   0.638119
   0.691384
   0.751651
   0.788257
   0.265518
  -0.227957
   0.225156
   0.541448
   0.583947
   0.632864
   0.713017
   0.791025
   0.867071
   0.889872
   0.826931
   0.726065
   0.673735
   0.706006
   0.771376
   0.839890
   1.239592
   1.500000
   1.243932
   0.815753
   0.711249
   0.640940
   0.609377
   0.604435
   0.584987
   0.557407
   0.574735
   0.592840
   0.624707
   0.646064
   0.612199
   0.522022
   0.442077
   0.355835
   0.234269
  -0.119553
  -0.500000
  -0.279094
   0.140096
   0.245546
   0.221533
   0.273854
   0.387483
   0.530087
   0.665867
   0.760611
   0.824933
   0.919589
   1.005238
   0.899366
   0.770791
   0.658125
   0.518344
   0.357241
   0.212301
   0.139826
   0.164343
   0.246783
   0.344317
   0.464466
   0.614165
   0.736997
   0.767311
   0.751979
   0.713088
   0.438560
   0.202343
   0.410709
   0.531471
   0.499781
   0.675440
   0.897513
   0.785174
   0.708782
   0.720743
   0.706511
   0.639730
   0.637649
   0.714912
   0.791965
   0.828123
   0.980198
   1.208308
   1.023841
   0.876334
   0.827967
   0.767963
   0.725810
   0.660774
   0.512079
   0.373743
   0.517524
   0.510928
   0.551990
   0.613125
   0.641785
   0.605452
   0.521510
   0.424058
   0.322829
   0.131083
  -0.060727
   0.138616
   0.368805
   0.461357
   0.362606
   0.349808
   0.455258
   0.586238
   0.684078
   0.731507
   0.752870
   0.782664
   0.833992
   0.834690
   0.796029
   0.728026
   0.609655
   0.442145
   0.274880
   0.180624
   0.191035
   0.271141
   0.375014
   0.494656
   0.625062
   0.720636
   0.734925
   0.681631
   0.613420
   0.575214
   0.597190
   0.580572
   0.116735
  -0.500000
   0.324890
   1.127298
   0.836637
   0.608754
   0.790024
   1.049864
   0.768383
   0.612808
   0.686417
   0.752664
   0.736373
   0.520203
   0.275720
   0.576333
   0.807400
   0.758089
   0.634642
   0.711389
   0.690345
   0.422515
   0.153857
   0.465197
   0.433747
   0.474943
   0.562858
   0.633430
   0.633983
   0.573485
   0.496660
   0.415388
   0.149051
  -0.161561
   0.186939
   0.580172
   0.776348
   0.578336
   0.457270
   0.512903
   0.600234
   0.652944
   0.654874
   0.550740
   0.432774
   0.637814
   0.785013
   0.806768
   0.788181
   0.704820
   0.551556
   0.385317
   0.282365
   0.269794
   0.315979
   0.386966
   0.478828
   0.583307
   0.661085
   0.677975
   0.641040
   0.609500
   0.812970
   1.139074
   0.773332
  -0.481049
  -0.500000
  -0.489643
   0.679410
   0.648562
   0.603446
   1.058899
   1.500000
   1.039299
   0.624766
   0.656705
   0.698403
   0.629962
   0.124831
  -0.475656
   0.166453
   0.650751
   0.542779
   0.316739
   0.567817
   0.679416
   0.509193
   0.349782
   0.415095
   0.400335
   0.454864
   0.548024
   0.630103
   0.668289
   0.645149
   0.538863
   0.515842
   0.433994
   0.299212
   0.449514
   0.631273
   0.717542
   0.611574
   0.543314
   0.570953
   0.614759
   0.616151
   0.558557
   0.302847
  -0.003550
   0.398645
   0.709980
   0.774359
   0.787469
   0.735976
   0.615984
   0.484454
   0.404881
   0.385042
   0.392373
   0.416269
   0.475855
   0.566638
   0.647243
   0.680226
   0.660033
   0.656397
   1.117833
   1.500000
   1.094429
   0.119241
  -0.500000
  -0.005695
   0.491967
   0.591903
   0.665536
   0.880662
   1.111919
   0.788677
   0.592503
   0.624736
   0.646657
   0.524118
   0.162757
  -0.033947
   0.321336
   0.554441
   0.526622
   0.455107
   0.594424
   0.643493
   0.563524
   0.514179
   0.400095
   0.433688
   0.506169
   0.581979
   0.669105
   0.963380
   1.141669
   0.442507
   0.437535
   0.640173
   0.600042
   0.522782
   0.595211
   0.638156
   0.610060
   0.597364
   0.621529
   0.634724
   0.508760
   0.304958
   0.292800
   0.257748
   0.478652
   0.653221
   0.711402
   0.736273
   0.710492
   0.633775
   0.554088
   0.514014
   0.498535
   0.457873
   0.415526
   0.474394
   0.576197
   0.666503
   0.719789
   0.718909
   0.688117
   0.846471
   1.110776
   0.800711
   0.521150
   0.422482
   0.482069
   0.586127
   0.704013
   0.801731
   0.816794
   0.738061
   0.599465
   0.542788
   0.571186
   0.571515
   0.359986
   0.087273
   0.251423
   0.399948
   0.488041
   0.547459
   0.557819
   0.584100
   0.549919
   0.468620
   0.517302
   0.533988
   0.561578
   0.601912
   0.669735
   0.796174
   1.395572
   1.500000
   0.317101
   0.285379
   0.706333
   0.623238
   0.421458
   0.551236
   0.642582
   0.625905
   0.621926
   0.646798
   0.636987
   0.361221
  -0.028381
   0.210048
   0.433802
   0.522559
   0.592088
   0.641678
   0.674240
   0.674567
   0.640041
   0.601883
   0.587379
   0.553995
   0.295540
  -0.038979
   0.252271
   0.527950
   0.629100
   0.703231
   0.747182
   0.738512
   0.697788
   0.663102
   0.603858
   0.557815
   0.553690
   0.595514
   0.696206
   0.841905
   0.953149
   0.927482
   0.762422
   0.588623
   0.502848
   0.494999
   0.331915
   0.001521
   0.130819
   0.340086
   0.340289
   0.555897
   0.792900
   0.638378
   0.527708
   0.450505
   0.347577
   0.501353
   0.635573
   0.659879
   0.699545
   1.009451
   1.434345
   1.327286
   1.256252
   0.586932
   0.603331
   0.799847
   0.749077
   0.639726
   0.681971
   0.705252
   0.677118
   0.657991
   0.658376
   0.634438
   0.462549
   0.224067
   0.296955
   0.392663
   0.437805
   0.522006
   0.587994
   0.630653
   0.675714
   0.701843
   0.648775
   0.589718
   0.487912
  -0.014472
  -0.500000
  -0.098696
   0.393596
   0.498019
   0.599410
   0.719844
   0.799748
   0.791654
   0.719145
   0.641789
   0.590669
   0.591593
   0.657118
   0.789149
   0.954542
   1.067183
   1.019822
   0.816264
   0.615247
   0.498120
   0.439692
   0.034486
  -0.500000
   0.019068
   0.410579
   0.434105
   0.752052
   1.147303
   0.773835
   0.517839
   0.514223
   0.530390
   0.616982
   0.640180
   0.662786
   0.731617
   1.392063
   1.500000
   1.425613
   0.820424
   0.785650
   0.846512
   0.868177
   0.845112
   0.821456
   0.822390
   0.818525
   0.788646
   0.736849
   0.680423
   0.616335
   0.519909
   0.412627
   0.356968
   0.210851
   0.044480
   0.334886
   0.553260
   0.632025
   0.924696
   1.279649
   0.883163
   0.326026
  -0.110508
  -0.038263
  -0.152068
   0.083159
   0.271332
   0.335004
   0.468993
   0.669598
   0.844965
   0.898210
   0.823667
   0.701612
   0.618231
   0.616895
   0.714069
   0.900264
   1.042904
   1.122974
   1.073920
   0.892856
   0.693774
   0.537492
   0.462305
   0.266276
  -0.018965
   0.166977
   0.317950
   0.397102
   0.568378
   0.752470
   0.605099
   0.537013
   0.605080
   0.683827
   0.700466
   0.581558
   0.579320
   0.607149
   0.922404
   1.333860
   0.820651
   0.387806
   0.687295
   0.891979
   0.897021
   0.877017
   0.872224
   0.882969
   0.891653
   0.887194
   0.815009
   0.699943
   0.591617
   0.501674
   0.434768
   0.374863
   0.025344
  -0.418134
   0.130107
   0.539076
   0.655678
   1.259044
   1.500000
   1.175665
  -0.037764
  -0.500000
  -0.247172
   0.208548
   0.194056
   0.171337
   0.218224
   0.373302
   0.615311
   0.842201
   0.932620
   0.861537
   0.721890
   0.681534
   0.795887
   1.079633
   1.500000
   1.322819
   1.124012
   1.054999
   1.002995
   0.956198
   0.665411
   0.486855
   0.415734
   0.168923
  -0.167445
  -0.036807
   0.238500
   0.359584
   0.444239
   0.557089
   0.709655
   0.726059
   0.733015
   0.712471
   0.493389
   0.450547
   0.445754
   0.513264
   0.586902
   0.280232
  -0.015997
   0.734323
   0.990465
   0.903525
   0.873430
   0.855292
   0.757345
   0.624468
   0.766483
   0.804989
   0.682056
   0.561855
   0.492955
   0.469284
   0.466149
   0.332970
   0.144809
   0.393320
   0.568522
   0.610963
   0.880971
   1.230130
   0.833540
   0.265296
  -0.175783
   0.084078
   0.232128
   0.161109
   0.117511
   0.148339
   0.305504
   0.539425
   0.759263
   0.858736
   0.803700
   0.687942
   0.761073
   1.114729
   1.500000
   1.500000
   1.500000
   1.070603
   0.957227
   1.072892
   1.277004
   0.816963
   0.490480
   0.388353
  -0.067432
  -0.500000
  -0.253803
   0.109663
   0.111967
   0.324587
   0.645586
   0.935929
   0.852475
   0.752329
   0.697969
   0.409007
   0.321523
   0.311440
   0.358223
   0.428669
   0.457171
   0.644629
   1.311818
   1.143468
   0.876265
   0.824248
   0.775816
   0.503569
   0.089287
   0.329894
   0.636014
   0.623513
   0.531768
   0.493631
   0.509612
   0.553938
   0.583735
   0.579460
   0.585058
   0.572359
   0.555576
   0.574774
   0.612174
   0.582624
   0.524208
   0.437341
   0.366568
   0.267379
   0.170504
   0.009137
  -0.143955
   0.129889
   0.422312
   0.604332
   0.698772
   0.677969
   0.606551
   0.653686
   0.985113
   1.498696
   1.500000
   1.260587
   0.935670
   0.769236
   0.874585
   1.298309
   0.855647
   0.487590
   0.411124
   0.209670
  -0.055332
   0.098641
   0.073148
  -0.121281
   0.226512
   0.595774
   0.809318
   0.802598
   0.744325
   0.681402
   0.352756
   0.238287
   0.231443
   0.274211
   0.354904
   0.608239
   0.881090
   1.109343
   0.949270
   0.795106
   0.741159
   0.687599
   0.526383
   0.183186
   0.102952
   0.434810
   0.558777
   0.516911
   0.513816
   0.565154
   0.617572
   0.652534
   0.641282
   0.590642
   0.536571
   0.496198
   0.484232
   0.503115
   0.542734
   0.571985
   0.546024
   0.454424
   0.340909
   0.236185
  -0.094255
  -0.499092
  -0.072572
   0.294177
   0.416859
   0.499119
   0.516453
   0.518172
   0.557573
   0.725508
   0.969217
   1.018178
   0.949690
   0.853150
   0.626949
   0.753233
   1.494329
   0.986696
   0.499100
   0.454952
   0.684002
   0.988391
   0.646573
   0.350697
   0.257737
   0.435600
   0.615904
   0.722856
   0.765925
   0.747844
   0.683492
   0.332795
   0.220135
   0.237234
   0.350678
   0.517059
   0.738036
   0.862746
   0.874947
   0.807688
   0.730001
   0.660026
   0.597962
   0.543207
   0.435403
   0.331846
   0.446076
   0.510310
   0.507102
   0.621359
   0.805599
   0.741157
   0.671097
   0.623138
   0.569799
   0.535559
   0.451871
   0.407797
   0.428988
   0.493810
   0.562379
   0.576876
   0.521714
   0.442758
   0.380503
   0.222854
   0.011124
   0.145241
   0.241408
   0.242794
   0.215165
   0.179785
   0.365866
   0.517897
   0.625401
   0.755635
   0.851121
   0.886677
   0.854310
   0.697576
   0.412396
   0.301872
   0.408517
   0.439848
   0.475910
   1.055310
   1.500000
   0.901073
   0.542239
   0.635809
   0.684292
   0.729975
   0.778711
   0.804535
   0.783891
   0.710874
   0.364148
   0.292510
   0.351564
   0.492310
   0.686890
   0.857936
   0.926338
   0.894079
   0.806341
   0.702927
   0.606765
   0.535998
   0.539437
   0.574458
   0.476009
   0.430676
   0.406454
   0.392275
   0.698945
   1.082677
   0.852873
   0.637478
   0.555912
   0.532946
   0.560404
   0.443393
   0.360094
   0.360566
   0.412896
   0.486936
   0.532753
   0.543512
   0.534153
   0.536089
   0.544009
   0.505874
   0.369164
   0.204549
   0.032352
  -0.278704
  -0.292761
   0.197702
   0.487736
   0.581490
   0.672144
   0.759655
   0.819964
   0.845094
   0.760757
   0.037449
  -0.500000
  -0.166920
   0.387688
   0.435542
   0.712077
   0.899674
   0.338692
   0.540108
   0.832139
   0.860634
   0.856817
   0.865723
   0.867099
   0.834293
   0.745951
   0.465573
   0.547329
   0.753596
   0.734053
   0.784108
   0.905299
   0.955015
   0.913884
   0.810470
   0.686823
   0.579496
   0.521827
   0.601691
   0.709831
   0.500460
   0.353940
   0.268106
   0.192948
   0.464292
   0.740251
   0.649111
   0.524386
   0.441934
   0.407549
   0.433688
   0.401327
   0.355640
   0.321089
   0.313454
   0.305257
   0.303402
   0.445147
   0.562496
   0.630648
   0.704832
   0.696693
   0.265789
  -0.278519
  -0.322075
  -0.500000
  -0.176632
   0.304436
   0.492132
   0.549845
   0.597673
   0.650175
   0.709670
   0.775882
   0.795828
   0.481112
  -0.006690
   0.270221
   0.462192
   0.471648
   0.569806
   0.580795
   0.530588
   0.798083
   0.967024
   0.959073
   0.925160
   0.906902
   0.888797
   0.844590
   0.750299
   0.603011
   0.866422
   1.233405
   0.973846
   0.815931
   0.875798
   0.913356
   0.879282
   0.782788
   0.664830
   0.577406
   0.605597
   0.725370
   0.634088
   0.409554
   0.299548
   0.259788
   0.245110
   0.357252
   0.448845
   0.447782
   0.395483
   0.327672
   0.305361
   0.348998
   0.393885
   0.378257
   0.303695
   0.219824
   0.091094
  -0.001232
   0.272463
   0.510355
   0.619091
   0.689226
   0.640670
  -0.021821
  -0.500000
  -0.127551
   0.565425
   0.490381
   0.448303
   0.508404
   0.545188
   0.553802
   0.554733
   0.580667
   0.647272
   0.725498
   0.738123
   0.666134
   0.613584
   0.557717
   0.590266
   0.725696
   0.755840
   0.823110
   0.954822
   0.992936
   0.939968
   0.876060
   0.837916
   0.811357
   0.771367
   0.699671
   0.705019
   0.870988
   0.993337
   0.821476
   0.726689
   0.780713
   0.827160
   0.812332
   0.740833
   0.652454
   0.614496
   0.829580
   1.124890
   0.737036
   0.389889
   0.293809
   0.280974
   0.303656
   0.339544
   0.363601
   0.359872
   0.319286
   0.273027
   0.280229
   0.357462
   0.434610
   0.407477
   0.299603
   0.181028
   0.084613
   0.069569
   0.261367
   0.436558
   0.531090
   0.583023
   0.570515
   0.289005
  -0.048150
   0.773253
   1.500000
   1.039096
   0.529667
   0.539106
   0.575727
   0.557905
   0.505637
   0.473457
   0.488598
   0.542550
   0.620537
   0.659131
   0.647553
   0.607180
   0.614589
   0.731291
   0.723783
   0.682491
   0.860761
   0.918402
   0.825213
   0.728571
   0.678240
   0.660060
   0.645700
   0.619769
   0.919067
   1.194255
   0.905021
   0.572975
   0.421270
   0.601555
   0.751513
   0.765486
   0.721499
   0.673056
   0.687815
   1.032167
   1.467962
   0.904571
   0.432540
   0.319547
   0.301644
   0.317757
   0.336178
   0.350519
   0.353817
   0.334701
   0.314879
   0.337114
   0.418579
   0.493106
   0.435600
   0.313963
   0.207450
   0.169716
   0.216503
   0.313717
   0.392015
   0.432242
   0.445491
   0.458490
   0.490938
   0.510902
   0.781931
   1.126971
   0.785286
   0.565917
   0.604408
   0.639355
   0.603087
   0.510759
   0.415431
   0.285757
   0.183339
   0.379390
   0.564150
   0.628328
   0.445672
   0.180632
   0.535926
   0.627135
   0.426095
   0.693667
   0.813517
   0.690109
   0.565962
   0.524115
   0.534479
   0.555650
   0.569206
   1.145732
   1.500000
   1.090773
   0.477930
   0.128259
   0.453550
   0.734356
   0.765255
   0.730180
   0.708557
   0.755815
   1.109339
   1.500000
   0.947560
   0.462166
   0.353706
   0.343093
   0.365182
   0.387256
   0.405582
   0.421856
   0.430790
   0.455228
   0.500441
   0.495806
   0.467624
   0.420444
   0.337042
   0.269590
   0.272559
   0.339242
   0.395863
   0.399745
   0.360420
   0.206224
   0.042114
   0.330696
   0.577228
   0.629343
   0.647246
   0.624401
   0.650624
   0.705452
   0.720729
   0.663010
   0.550437
   0.419896
   0.143604
  -0.141977
   0.196345
   0.529589
   0.640507
   0.229626
  -0.389316
   0.336309
   0.791663
   0.724391
   0.785107
   0.759166
   0.570588
   0.382779
   0.423119
   0.510089
   0.561121
   0.583554
   0.839798
   1.067643
   0.840992
   0.672111
   0.476259
   0.623710
   0.781342
   0.780724
   0.727926
   0.701257
   0.729890
   0.866709
   0.995882
   0.708181
   0.467108
   0.402845
   0.413256
   0.451707
   0.479304
   0.493058
   0.512011
   0.561207
   0.794706
   1.064077
   0.603692
   0.107948
   0.242344
   0.337181
   0.289125
   0.288816
   0.423354
   0.498045
   0.452015
   0.336438
  -0.032436
  -0.457422
   0.087885
   0.575694
   0.650565
   0.633940
   0.633895
   0.743705
   0.816776
   0.797573
   0.708430
   0.588741
   0.481901
   0.333346
   0.197116
   0.373410
   0.593562
   0.746621
   0.656814
   0.432946
   0.783748
   1.110544
   1.235261
   0.993942
   0.767664
   0.526296
   0.279814
   0.428807
   0.593818
   0.650568
   0.648357
   0.588072
   0.576156
   0.561075
   0.625763
   0.664221
   0.749950
   0.807745
   0.774453
   0.679572
   0.633317
   0.655093
   0.686885
   0.668872
   0.574186
   0.492992
   0.472900
   0.504265
   0.546056
   0.557339
   0.547271
   0.568866
   0.675826
   1.161629
   1.500000
   0.694630
  -0.366482
   0.013875
   0.327645
   0.273116
   0.234657
   0.454251
   0.590771
   0.537501
   0.390738
   0.135091
  -0.086311
   0.206342
   0.513243
   0.629279
   0.639115
   0.629032
   0.792828
   0.853230
   0.823149
   0.718807
   0.594688
   0.522252
   0.512202
   0.528306
   0.565013
   0.663786
   0.820542
   0.964784
   1.050419
   1.130239
   1.379279
   1.500000
   1.183305
   0.819591
   0.686315
   0.581416
   0.663124
   0.748960
   0.767134
   0.719208
   0.516469
   0.480868
   0.484323
   0.553093
   0.658944
   0.751755
   0.864296
   0.931939
   0.674347
   0.522879
   0.551321
   0.599084
   0.592737
   0.542925
   0.518793
   0.534584
   0.573812
   0.595236
   0.568025
   0.536541
   0.662407
   0.908019
   1.022836
   1.178470
   0.676948
   0.146215
   0.273252
   0.384662
   0.354231
   0.352216
   0.494606
   0.646770
   0.637904
   0.500839
   0.341893
   0.244708
   0.290496
   0.455973
   0.618637
   0.731735
   0.804528
   0.677231
   0.315148
   0.555279
   0.665203
   0.561207
   0.559459
   0.763875
   0.915590
   0.744897
   0.688324
   0.809069
   0.974316
   1.109721
   1.160677
   1.217712
   1.266528
   0.987067
   0.816915
   0.809801
   0.833881
   0.871763
   0.882139
   0.846333
   0.753919
   0.483549
   0.456696
   0.485202
   0.561181
   0.649726
   0.711238
   0.918626
   1.149793
   0.703222
   0.421025
   0.452140
   0.517537
   0.482139
   0.384893
   0.465097
   0.552906
   0.591855
   0.588237
   0.521845
   0.485241
   0.760747
   1.189645
   0.930305
   0.714487
   0.618762
   0.517478
   0.476328
   0.445705
   0.407344
   0.208813
   0.003678
   0.435792
   0.686149
   0.605401
   0.450667
   0.171497
  -0.078149
   0.276343
   0.614794
   0.790054
   0.891800
   0.391588
  -0.489560
   0.144276
   0.570968
   0.539916
   0.977981
   1.500000
   1.500000
   0.942143
   0.673947
   0.747553
   0.889853
   1.023571
   1.076077
   1.023736
   0.913557
   0.799602
   0.768250
   0.815119
   0.888453
   0.935301
   0.919021
   0.845539
   0.735001
   0.494238
   0.479130
   0.512401
   0.571604
   0.622813
   0.635297
   0.691271
   0.754716
   0.526515
   0.400995
   0.439913
   0.489168
   0.379528
   0.192089
   0.384413
   0.545663
   0.582036
   0.573941
   0.502307
   0.458613
   0.590371
   0.808860
   0.702980
   0.602766
   0.577686
   0.549098
   0.522022
   0.497300
   0.430055
  -0.083973
  -0.500000
   0.077734
   0.640217
   0.637101
   0.505112
   0.007432
  -0.500000
   0.056420
   0.586656
   0.742425
   0.823948
   0.602420
   0.174748
   0.416190
   0.557937
   0.585309
   1.500000
   1.500000
   1.500000
   0.810604
   0.620552
   0.669533
   0.760329
   0.851869
   0.893505
   0.855808
   0.770182
   0.701144
   0.690590
   0.736453
   0.803773
   0.842669
   0.821993
   0.754860
   0.671948
