 -4.000000E+00 0.000000E+00 8.077402E+00 4.984790E-01 
 -3.957813E+00 1.871943E-04 7.918261E+00 5.579390E-01 
 -3.915625E+00 3.834558E-04 7.718582E+00 1.938010E-01 
 -3.873438E+00 5.875294E-04 7.580462E+00 4.270210E-01 
 -3.831250E+00 8.008312E-04 7.400901E+00 2.275970E-01 
 -3.789062E+00 1.022587E-03 7.265669E+00 4.532370E-01 
 -3.746875E+00 1.255753E-03 7.065323E+00 9.513000E-03 
 -3.704687E+00 1.497690E-03 6.954092E+00 4.386830E-01 
 -3.662500E+00 1.751891E-03 6.760664E+00 2.764400E-02 
 -3.620312E+00 2.015476E-03 6.657768E+00 5.036700E-01 
 -3.578125E+00 2.288119E-03 6.542154E+00 8.342460E-01 
 -3.535938E+00 2.573262E-03 6.384047E+00 7.216150E-01 
 -3.493750E+00 2.871744E-03 6.238957E+00 7.208790E-01 
 -3.451563E+00 3.188375E-03 6.038330E+00 1.464670E-01 
 -3.409375E+00 3.520872E-03 5.903075E+00 2.074650E-01 
 -3.367188E+00 3.870683E-03 5.745870E+00 3.064700E-02 
 -3.325000E+00 4.237416E-03 5.613788E+00 8.673100E-02 
 -3.282812E+00 4.619844E-03 5.498969E+00 2.971020E-01 
 -3.240625E+00 5.014723E-03 5.419134E+00 8.389610E-01 
 -3.198437E+00 5.431437E-03 5.252020E+00 4.896570E-01 
 -3.156250E+00 5.872970E-03 5.100294E+00 2.758570E-01 
 -3.114063E+00 6.333652E-03 5.003048E+00 5.884450E-01 
 -3.071875E+00 6.815457E-03 4.885975E+00 6.843490E-01 
 -3.029688E+00 7.323275E-03 4.751963E+00 5.924400E-01 
 -2.987500E+00 7.862545E-03 4.602902E+00 3.315850E-01 
 -2.945312E+00 8.424495E-03 4.522440E+00 7.382490E-01 
 -2.903125E+00 9.018658E-03 4.382191E+00 5.285580E-01 
 -2.860937E+00 9.648930E-03 4.252569E+00 4.066310E-01 
 -2.818750E+00 1.032233E-02 4.104445E+00 8.115500E-02 
 -2.776562E+00 1.103431E-02 3.996525E+00 1.391720E-01 
 -2.734375E+00 1.177936E-02 3.910460E+00 3.971730E-01 
 -2.692188E+00 1.257134E-02 3.780246E+00 1.950980E-01 
 -2.650000E+00 1.338967E-02 3.737957E+00 8.536560E-01 
 -2.607812E+00 1.425428E-02 3.620822E+00 7.451290E-01 
 -2.565625E+00 1.518076E-02 3.489738E+00 4.784360E-01 
 -2.523438E+00 1.615668E-02 3.408267E+00 6.891890E-01 
 -2.481250E+00 1.720550E-02 3.272202E+00 3.352770E-01 
 -2.439062E+00 1.831539E-02 3.188666E+00 4.878990E-01 
 -2.396875E+00 1.946898E-02 3.135722E+00 9.276780E-01 
 -2.354687E+00 2.073627E-02 2.960152E+00 1.223710E-01 
 -2.312500E+00 2.205126E-02 2.935107E+00 8.034810E-01 
 -2.270313E+00 2.346688E-02 2.808794E+00 4.530240E-01 
 -2.228125E+00 2.501552E-02 2.675685E+00 1.567700E-02 
 -2.185937E+00 2.666571E-02 2.599174E+00 1.253700E-01 
 -2.143750E+00 2.843085E-02 2.509120E+00 8.065100E-02 
 -2.101562E+00 3.025439E-02 2.483913E+00 6.654020E-01 
 -2.059375E+00 3.217215E-02 2.421146E+00 8.555170E-01 
 -2.017187E+00 3.421970E-02 2.340289E+00 8.456330E-01 
 -1.975000E+00 3.642212E-02 2.253353E+00 7.558170E-01 
 -1.932812E+00 3.883422E-02 2.143381E+00 4.164260E-01 
 -1.890625E+00 4.144727E-02 2.058218E+00 3.058780E-01 
 -1.848437E+00 4.417699E-02 2.024924E+00 6.947490E-01 
 -1.806250E+00 4.715070E-02 1.931637E+00 4.643540E-01 
 -1.764062E+00 5.034547E-02 1.865241E+00 4.834830E-01 
 -1.721875E+00 5.387197E-02 1.765447E+00 1.491930E-01 
 -1.679688E+00 5.747771E-02 1.764024E+00 7.791760E-01 
 -1.637500E+00 6.161612E-02 1.624635E+00 9.958000E-03 
 -1.595312E+00 6.573623E-02 1.652492E+00 8.937120E-01 
 -1.553125E+00 7.036071E-02 1.555199E+00 5.063330E-01 
 -1.510937E+00 7.517032E-02 1.535454E+00 8.748090E-01 
 -1.468750E+00 8.067940E-02 1.421034E+00 2.767560E-01 
 -1.426562E+00 8.649362E-02 1.385323E+00 4.460840E-01 
 -1.384375E+00 9.299949E-02 1.304537E+00 1.448650E-01 
 -1.342187E+00 9.952907E-02 1.315109E+00 7.375780E-01 
 -1.300000E+00 1.065517E-01 1.290182E+00 9.555240E-01 
 -1.257812E+00 1.144297E-01 1.218809E+00 6.890970E-01 
 -1.215625E+00 1.228277E-01 1.180313E+00 7.315840E-01 
 -1.173437E+00 1.326841E-01 1.074243E+00 7.837200E-02 
 -1.131250E+00 1.421096E-01 1.094066E+00 6.645300E-01 
 -1.089062E+00 1.528121E-01 1.058151E+00 6.734720E-01 
 -1.046875E+00 1.650555E-01 9.830646E-01 2.709120E-01 
 -1.004687E+00 1.767505E-01 1.001465E+00 7.838850E-01 
 -9.625000E-01 1.915750E-01 9.072292E-01 1.507160E-01 
 -9.203125E-01 2.049974E-01 9.233441E-01 6.022190E-01 
 -8.781250E-01 2.222869E-01 8.392121E-01 3.186100E-02 
 -8.359375E-01 2.377107E-01 8.342164E-01 2.347770E-01 
 -7.937500E-01 2.542690E-01 8.383234E-01 5.103170E-01 
 -7.515625E-01 2.746012E-01 7.896906E-01 2.398330E-01 
 -7.093750E-01 2.940610E-01 7.648984E-01 1.904950E-01 
 -6.671875E-01 3.114154E-01 8.069904E-01 7.930660E-01 
 -6.250000E-01 3.373528E-01 7.836499E-01 7.225400E-01 
 -5.828125E-01 3.651976E-01 7.695169E-01 7.271410E-01 
 -5.406250E-01 3.995006E-01 7.070370E-01 2.325890E-01 
 -4.984375E-01 4.238834E-01 6.925563E-01 2.070430E-01 
 -4.562500E-01 4.434263E-01 7.595680E-01 9.843390E-01 
 -4.140625E-01 5.015015E-01 6.559063E-01 3.736600E-02 
 -3.718750E-01 5.149670E-01 6.739878E-01 3.076230E-01 
 -3.296875E-01 5.459297E-01 6.570691E-01 2.188200E-01 
 -2.875000E-01 5.662141E-01 6.877411E-01 5.999600E-01 
 -2.453125E-01 6.230475E-01 6.855540E-01 6.399470E-01 
 -2.031250E-01 7.158225E-01 6.198627E-01 4.334100E-02 
 -1.609375E-01 6.988597E-01 6.143699E-01 8.395500E-02 
 -1.187500E-01 6.702208E-01 6.367932E-01 4.222110E-01 
 -7.656250E-02 6.891385E-01 5.829687E-01 4.305000E-03 
 -3.437500E-02 5.952843E-01 5.968784E-01 2.964880E-01 
 7.812500E-03 5.385552E-01 5.581828E-01 6.335100E-02 
 5.000000E-02 4.623978E-01 6.264267E-01 8.978800E-01 
 9.218750E-02 4.512136E-01 5.779358E-01 5.461760E-01 
 1.343750E-01 3.948838E-01 5.140133E-01 4.167100E-02 
 1.765625E-01 3.045186E-01 5.161501E-01 1.952540E-01 
 2.187500E-01 2.447859E-01 5.292296E-01 4.351570E-01 
 2.609375E-01 2.065376E-01 5.554368E-01 7.784200E-01 
 3.031250E-01 1.814007E-01 5.481215E-01 7.597870E-01 
 3.453125E-01 1.532203E-01 4.919261E-01 2.299300E-01 
 3.875000E-01 1.190252E-01 5.522378E-01 8.431310E-01 
 4.296875E-01 9.962310E-02 5.039504E-01 3.437410E-01 
 4.718750E-01 7.621570E-02 5.619182E-01 8.828360E-01 
 5.140625E-01 6.344241E-02 5.421572E-01 6.183870E-01 
 5.562500E-01 4.721004E-02 5.081705E-01 1.881560E-01 
 5.984375E-01 2.924644E-02 5.510037E-01 5.022060E-01 
 6.406250E-01 1.895501E-02 5.787192E-01 6.387550E-01 
 6.828125E-01 1.249178E-02 6.174123E-01 8.592870E-01 
 7.250000E-01 8.743331E-03 5.879537E-01 3.734490E-01 
 7.671875E-01 3.525377E-03 6.349410E-01 6.285560E-01 
 8.093750E-01 1.614074E-03 6.932443E-01 9.728580E-01 
 8.515625E-01 2.292271E-03 6.346762E-01 1.251810E-01 
 8.937500E-01 2.692654E-04 6.707399E-01 2.021740E-01 
 9.359375E-01 0.000000E+00 7.424473E-01 6.136190E-01 
 9.781250E-01 4.634795E-04 7.143606E-01 5.644000E-03 
 1.020313E+00 0.000000E+00 7.543049E-01 5.721700E-02 
 1.062500E+00 0.000000E+00 7.887246E-01 3.284200E-02 
 1.104688E+00 0.000000E+00 8.933749E-01 6.903630E-01 
 1.146875E+00 0.000000E+00 9.047599E-01 3.950480E-01 
 1.189063E+00 0.000000E+00 9.586573E-01 5.048630E-01 
 1.231250E+00 0.000000E+00 9.804230E-01 2.735280E-01 
 1.273438E+00 0.000000E+00 1.074062E+00 7.412340E-01 
 1.315625E+00 0.000000E+00 1.108023E+00 5.925930E-01 
 1.357813E+00 0.000000E+00 1.156196E+00 5.666190E-01 
 1.400000E+00 0.000000E+00 1.219835E+00 6.759530E-01 
