   0.498479
   0.557939
   0.193801
   0.427021
   0.227597
   0.453237
   0.009513
   0.438683
   0.027644
   0.503670
   0.834246
   0.721615
   0.720879
   0.146467
   0.207465
   0.030647
   0.086731
   0.297102
   0.838961
   0.489657
   0.275857
   0.588445
   0.684349
   0.592440
   0.331585
   0.738249
   0.528558
   0.406631
   0.081155
   0.139172
   0.397173
   0.195098
   0.853656
   0.745129
   0.478436
   0.689189
   0.335277
   0.487899
   0.927678
   0.122371
   0.803481
   0.453024
   0.015677
   0.125370
   0.080651
   0.665402
   0.855517
   0.845633
   0.755817
   0.416426
   0.305878
   0.694749
   0.464354
   0.483483
   0.149193
   0.779176
   0.009958
   0.893712
   0.506333
   0.874809
   0.276756
   0.446084
   0.144865
   0.737578
   0.955524
   0.689097
   0.731584
   0.078372
   0.664530
   0.673472
   0.270912
   0.783885
   0.150716
   0.602219
   0.031861
   0.234777
   0.510317
   0.239833
   0.190495
   0.793066
   0.722540
   0.727141
   0.232589
   0.207043
   0.984339
   0.037366
   0.307623
   0.218820
   0.599960
   0.639947
   0.043341
   0.083955
   0.422211
   0.004305
   0.296488
   0.063351
   0.897880
   0.546176
   0.041671
   0.195254
   0.435157
   0.778420
   0.759787
   0.229930
   0.843131
   0.343741
   0.882836
   0.618387
   0.188156
   0.502206
   0.638755
   0.859287
   0.373449
   0.628556
   0.972858
   0.125181
   0.202174
   0.613619
   0.005644
   0.057217
   0.032842
   0.690363
   0.395048
   0.504863
   0.273528
   0.741234
   0.592593
   0.566619
   0.675953
   0.526660
   0.920677
   0.995616
   0.066219
   0.145795
   0.711236
   0.369219
   0.956445
   0.919501
   0.899484
   0.314054
   0.296306
   0.494378
   0.494897
   0.705897
   0.734615
   0.739101
   0.811408
   0.274937
   0.975762
   0.868543
   0.838315
   0.738847
   0.925001
   0.404672
   0.752223
   0.011507
   0.953232
   0.831688
   0.676009
   0.046604
   0.937768
   0.540929
   0.544590
   0.107046
   0.810508
   0.262728
   0.776187
   0.640160
   0.244278
   0.138762
   0.239324
   0.184104
   0.185017
   0.335132
   0.588016
   0.875985
   0.130293
   0.746526
   0.107040
   0.812345
   0.923360
   0.926218
   0.601615
   0.108041
   0.193297
   0.113509
   0.388210
   0.553264
   0.112411
   0.153450
   0.050895
   0.504923
   0.716125
   0.560480
   0.509641
   0.376378
   0.073395
   0.630816
   0.338394
   0.372475
   0.361705
   0.075012
   0.452958
   0.411736
   0.596699
   0.209004
   0.438373
   0.499404
   0.477617
   0.959945
   0.501270
   0.495086
   0.602362
   0.979506
   0.175117
   0.974877
   0.734509
   0.496216
   0.454724
   0.023584
   0.760852
   0.429901
   0.543562
   0.305023
   0.555177
   0.113414
   0.753972
   0.615211
   0.826030
   0.226355
   0.568526
   0.442901
   0.635035
   0.001174
   0.875776
   0.319960
   0.625977
   0.225442
   0.796950
   0.141589
   0.742360
   0.136301
   0.346421
   0.825991
   0.905476
   0.676176
   0.980849
   0.471402
   0.244113
   0.853439
   0.676150
   0.029273
   0.798610
   0.821668
   0.315050
   0.219742
   0.650682
   0.684147
   0.418207
   0.814208
   0.957321
   0.083516
   0.774948
   0.410705
   0.573525
   0.289544
   0.757499
   0.958492
   0.991094
   0.522327
   0.820954
   0.563666
   0.822676
   0.933704
   0.795581
   0.172569
   0.438813
   0.224368
   0.793327
   0.690947
   0.192604
   0.050663
   0.233117
   0.190566
   0.056986
   0.448006
   0.459781
   0.616535
   0.137513
   0.181877
   0.889532
   0.533661
   0.784458
   0.892322
   0.755446
   0.087940
   0.250143
   0.707515
   0.214590
   0.866546
   0.758240
   0.031736
   0.148939
   0.008069
   0.960062
   0.092887
   0.084883
   0.837457
   0.728560
   0.735993
   0.575063
   0.736176
   0.150694
   0.764875
   0.997398
   0.062737
   0.733293
   0.453608
   0.599860
   0.894256
   0.426890
   0.783615
   0.836740
   0.657347
   0.854872
   0.166389
   0.663062
   0.712590
   0.144270
   0.576203
   0.359919
   0.433020
   0.802433
   0.275544
   0.875052
   0.902784
   0.092220
   0.738006
   0.234937
   0.983752
   0.898624
   0.413071
   0.594731
   0.014284
   0.931339
   0.390803
   0.227050
   0.002862
   0.918910
   0.632409
   0.554497
   0.663498
   0.179550
   0.358059
   0.856511
   0.540461
   0.049241
   0.288904
   0.709116
   0.257118
   0.119939
   0.642379
   0.068804
   0.305961
   0.953841
   0.367648
   0.530247
   0.541740
   0.294858
   0.049684
   0.006850
   0.596301
   0.491332
   0.464727
   0.598407
   0.382661
   0.378217
   0.268651
   0.779981
   0.863172
   0.890553
   0.402752
   0.144301
   0.337180
   0.908235
   0.076423
   0.450042
   0.325902
   0.056063
   0.787336
   0.467776
   0.018264
   0.459838
   0.472151
   0.956065
   0.107027
   0.426889
   0.622061
   0.828510
   0.390841
   0.129389
   0.044363
   0.404598
   0.234541
   0.395958
   0.289394
   0.935430
   0.222511
   0.358795
   0.292352
   0.107123
   0.933644
   0.953732
   0.982479
   0.545645
   0.428553
   0.756825
   0.090387
   0.783735
   0.737142
   0.086475
   0.901639
   0.280094
   0.377114
   0.758325
   0.210142
   0.621644
   0.245879
   0.166789
   0.102917
   0.403688
   0.271576
   0.656665
   0.266300
   0.597570
   0.183591
   0.887568
   0.541560
   0.341210
   0.836139
   0.155860
   0.443517
   0.944877
   0.848968
   0.394838
   0.421819
   0.129054
   0.153485
   0.103012
   0.860779
   0.374479
   0.963660
   0.328581
   0.530102
   0.008724
   0.743950
   0.368317
   0.660821
   0.873017
   0.144217
   0.059325
   0.964797
   0.559544
   0.461814
   0.275561
   0.236919
   0.314442
   0.018051
   0.457884
   0.119313
   0.382472
   0.404383
   0.664416
   0.805810
   0.466963
   0.483012
   0.919208
   0.337235
   0.098714
   0.381328
   0.486996
   0.433558
   0.653660
   0.087828
   0.583469
   0.020090
   0.216294
   0.264817
   0.607040
   0.827911
   0.421488
   0.956043
   0.127626
   0.590435
   0.522500
   0.856959
   0.059004
   0.777349
   0.640933
   0.752049
   0.457926
   0.983352
   0.024562
   0.120649
   0.521185
   0.356326
   0.386407
   0.872250
   0.729533
   0.596677
   0.876426
   0.501434
   0.540567
   0.595999
   0.008286
   0.069191
   0.092735
   0.395646
   0.668470
   0.940730
   0.709495
   0.301005
   0.967422
   0.575827
   0.606719
   0.755511
   0.641301
   0.971969
   0.817643
   0.230702
   0.044776
   0.108925
   0.147586
   0.031515
   0.111672
   0.076097
   0.793823
   0.727307
   0.351429
   0.166978
   0.778803
   0.807149
   0.004116
   0.889226
   0.071726
   0.155678
   0.624930
   0.985678
   0.811896
   0.704459
   0.992775
   0.706429
   0.399530
   0.775613
   0.733726
   0.380928
   0.572907
   0.426032
   0.576217
   0.723678
   0.152513
   0.475186
   0.647559
   0.647046
   0.527305
   0.005329
   0.047239
   0.324624
   0.810357
   0.887869
   0.977756
   0.351391
   0.979625
   0.244534
   0.935579
   0.538395
   0.465838
   0.989262
   0.692098
   0.051097
   0.427764
   0.360893
   0.258994
   0.862879
   0.038671
   0.072615
   0.177466
   0.432529
   0.375706
   0.541453
   0.121638
   0.301600
   0.603340
   0.630479
   0.844071
   0.153966
   0.107841
   0.853609
   0.256979
   0.923570
   0.539219
   0.944302
   0.130474
   0.307048
   0.541701
   0.774552
   0.033953
   0.224578
   0.818701
   0.477716
   0.577650
   0.866645
   0.799822
   0.244322
   0.991719
   0.640652
   0.924822
   0.057957
   0.423935
   0.262351
   0.621257
   0.914962
   0.617211
   0.169778
   0.116581
   0.220687
   0.242271
   0.337072
   0.698118
   0.258783
   0.821862
   0.270904
   0.162869
   0.146178
   0.311132
   0.603578
   0.789095
   0.328205
   0.835808
   0.584657
   0.011657
   0.260548
   0.793577
   0.479234
   0.355756
   0.558520
   0.821512
   0.391609
   0.154455
   0.325963
   0.724311
   0.811396
   0.556812
   0.202796
   0.899703
   0.533157
   0.480568
   0.625630
   0.617419
   0.315035
   0.456049
   0.806341
   0.711134
   0.768014
   0.047139
   0.118752
   0.773207
   0.877063
   0.378188
   0.558395
   0.643211
   0.495836
   0.104998
   0.231338
   0.968811
   0.408901
   0.287686
   0.750856
   0.389947
   0.527759
   0.727304
   0.886143
   0.241587
   0.332391
   0.291421
   0.675425
   0.238812
   0.679021
   0.944521
   0.147848
   0.147902
   0.521293
   0.754611
   0.746694
   0.685551
   0.602460
   0.881305
   0.338049
   0.553229
   0.049650
   0.484708
   0.619714
   0.275677
   0.515872
   0.554490
   0.924188
   0.285466
   0.096000
   0.059937
   0.210288
   0.962040
   0.070139
   0.756726
   0.733035
   0.233213
   0.471133
   0.940231
   0.142017
   0.681765
   0.966666
   0.869956
   0.021675
   0.905502
   0.343114
   0.327653
   0.646841
   0.221765
   0.205054
   0.617156
   0.489476
   0.759054
   0.815799
   0.085203
   0.071732
   0.550531
   0.220906
   0.117815
   0.967445
   0.938176
   0.934062
   0.251099
   0.733003
   0.190284
   0.949991
   0.481106
   0.441046
   0.696706
   0.701397
   0.694460
   0.506355
   0.702240
   0.514101
   0.059834
   0.657322
   0.595415
   0.884253
   0.637799
   0.361070
   0.386033
   0.788707
   0.007626
   0.249141
   0.537206
   0.020152
   0.123250
   0.136672
   0.833291
   0.764649
   0.688042
   0.580201
   0.671380
   0.517137
   0.693729
   0.219538
   0.952921
   0.169585
   0.814541
   0.189862
   0.187117
   0.615386
   0.984320
   0.052413
   0.714979
   0.848800
   0.411048
   0.412508
   0.740272
   0.348885
   0.392454
   0.919761
   0.497273
   0.130555
   0.883037
   0.748705
   0.243131
   0.720719
   0.004919
   0.637974
   0.468675
   0.377116
   0.876944
   0.278278
   0.809898
   0.415066
   0.991587
   0.497527
   0.690463
   0.601020
   0.689804
   0.267354
   0.422475
   0.636006
   0.820884
   0.992676
   0.006395
   0.161266
   0.413353
   0.743786
   0.902704
   0.309446
   0.155532
   0.539061
   0.566492
   0.455243
   0.504286
   0.973665
   0.057888
   0.249727
   0.980860
   0.270958
   0.100785
   0.748798
   0.308171
   0.792356
   0.958431
   0.531771
   0.295392
   0.053870
   0.967140
   0.676181
   0.578616
   0.760753
   0.157676
   0.449544
   0.020003
   0.522849
   0.370015
   0.363442
   0.137222
   0.202969
   0.709036
   0.570898
   0.801004
   0.513022
   0.880132
   0.292856
   0.020828
   0.042210
   0.143803
   0.721869
   0.564819
   0.048366
   0.798306
   0.006896
   0.134615
   0.179406
   0.885296
   0.496084
   0.222442
   0.274426
   0.914014
   0.841633
   0.008869
   0.968537
   0.178648
   0.910977
   0.587689
   0.579367
   0.071774
   0.132855
   0.912309
   0.938695
   0.197816
   0.669773
   0.716444
   0.016506
   0.181879
   0.963376
   0.711380
   0.208239
   0.411473
   0.342565
   0.516585
   0.238499
   0.972072
   0.184179
   0.792139
   0.675242
   0.755485
   0.369997
   0.646771
   0.284280
   0.560007
   0.641114
   0.529255
   0.514375
   0.586564
   0.974963
   0.954641
   0.638662
   0.159878
   0.502219
   0.652065
   0.380929
   0.967862
   0.376148
   0.432045
   0.667495
   0.783229
   0.017579
   0.226335
   0.442058
   0.392617
   0.055887
   0.976538
   0.297202
   0.563562
   0.814294
   0.533734
   0.169083
   0.283801
   0.701037
   0.473814
   0.845030
   0.876417
   0.624093
   0.496179
   0.551468
   0.952912
   0.371414
   0.225485
   0.620955
   0.746195
   0.429583
   0.191350
   0.667513
   0.638871
   0.994027
   0.457787
   0.745716
   0.468415
   0.924504
   0.057797
   0.982565
   0.580149
   0.051636
   0.392079
   0.223621
   0.368045
   0.136268
   0.240072
   0.988152
   0.488721
   0.872449
   0.154645
   0.623845
   0.972079
   0.856452
   0.213486
   0.170388
   0.121735
   0.489117
   0.340300
   0.234037
   0.865258
   0.975327
   0.163017
   0.448479
   0.241367
   0.136869
   0.882287
   0.242502
   0.834450
   0.168724
   0.785478
   0.243291
   0.217085
   0.962933
   0.673085
   0.675394
   0.152419
   0.566716
   0.667035
   0.487978
   0.318373
   0.136055
   0.245268
   0.703263
   0.013015
   0.689477
   0.503975
   0.434325
   0.185700
   0.648866
   0.443435
   0.586104
   0.374638
   0.809661
   0.416580
   0.476285
   0.055795
   0.645111
   0.651071
   0.572761
   0.458189
   0.876611
   0.106044
   0.641842
   0.082757
   0.348814
   0.440385
   0.143606
   0.597165
   0.976686
   0.026219
   0.210113
   0.230588
   0.536885
   0.918688
   0.645477
   0.656538
   0.570061
   0.030015
   0.199891
   0.333253
   0.396515
   0.855809
   0.322584
   0.312418
   0.787883
   0.890552
   0.101965
   0.716820
   0.165923
   0.444049
   0.087343
   0.925950
   0.323137
   0.155681
   0.135970
   0.530744
   0.999433
   0.361504
   0.586860
   0.674963
   0.816696
   0.062056
   0.389561
   0.439864
   0.873894
   0.753082
   0.636189
   0.078450
   0.960379
   0.518658
   0.719083
   0.435009
   0.415178
   0.337728
   0.841118
   0.251200
   0.122202
   0.072632
   0.131416
   0.702216
   0.124798
   0.248078
   0.865011
   0.327634
   0.558618
   0.559446
   0.256244
   0.396394
   0.965633
   0.428003
   0.442774
   0.607230
   0.445591
   0.647514
   0.574712
   0.918717
   0.827718
   0.709407
   0.577952
   0.332345
   0.676500
   0.462997
   0.826499
   0.462977
   0.016929
   0.023394
   0.027945
   0.968520
   0.663997
   0.486194
   0.140789
   0.313667
   0.134605
   0.513309
   0.306810
   0.201667
   0.431133
   0.061265
   0.244460
   0.638749
   0.126565
   0.862266
   0.587052
   0.718911
   0.725118
   0.412836
   0.061643
   0.930365
   0.318861
   0.508687
   0.542845
   0.523940
   0.663281
   0.007783
   0.512608
   0.677669
   0.869060
   0.731250
   0.185667
   0.743108
   0.319345
   0.646264
   0.165766
   0.473877
   0.745088
   0.550441
   0.697112
   0.507811
   0.419040
   0.134105
   0.116141
   0.973960
   0.475027
   0.882443
   0.976614
   0.169887
   0.082181
   0.012511
   0.477434
   0.483967
   0.307598
   0.474690
   0.071069
   0.211727
   0.326585
   0.726621
   0.492910
   0.045218
   0.287756
   0.767824
   0.479623
   0.422500
   0.114099
   0.574621
   0.440209
   0.800820
   0.017358
   0.890145
   0.888632
   0.855621
   0.790323
   0.128399
   0.688774
   0.989118
   0.144441
   0.985712
   0.573368
   0.069651
   0.197884
   0.334900
   0.321148
   0.287793
   0.600072
   0.084099
   0.062313
   0.193075
   0.281856
   0.235531
   0.396345
   0.310129
   0.692188
   0.231971
   0.508907
   0.059925
   0.642617
   0.732684
   0.696412
   0.134167
   0.523254
   0.684864
   0.575937
   0.881868
   0.200537
   0.429526
   0.591464
   0.958851
   0.471317
   0.861374
   0.788693
   0.861812
   0.146881
   0.219695
   0.892301
   0.528020
   0.545465
   0.209248
   0.623483
   0.297801
   0.148859
   0.633297
   0.366556
   0.234673
   0.054192
   0.689262
   0.330930
   0.000585
   0.456778
   0.542627
   0.237948
   0.553272
   0.882279
   0.971143
   0.429520
   0.402269
   0.776730
   0.979762
   0.563274
   0.516648
   0.763537
   0.975784
   0.996003
   0.584147
   0.732132
   0.574650
   0.853670
   0.513948
   0.740633
   0.366142
   0.721238
   0.563968
   0.803575
   0.829827
   0.989717
   0.224439
   0.814192
   0.054613
   0.597220
   0.034938
   0.867508
   0.695288
   0.463989
   0.563434
   0.947030
   0.963017
   0.057400
   0.983437
   0.269866
   0.160708
   0.340071
   0.417060
   0.057697
   0.923833
   0.814056
   0.751196
   0.876465
   0.643558
   0.126732
   0.672459
   0.557556
   0.666591
   0.278528
   0.639888
   0.751220
   0.144318
   0.235469
   0.387421
   0.997740
   0.217999
   0.146865
   0.167248
   0.489873
   0.554022
   0.700557
   0.665973
   0.736966
   0.178588
   0.373150
   0.597614
   0.588090
   0.357662
   0.464424
   0.818610
   0.129971
   0.851920
   0.377593
   0.616533
   0.090328
   0.853339
   0.262526
   0.727145
   0.978910
   0.829870
   0.193239
   0.977957
   0.673637
   0.532352
   0.636592
   0.483029
   0.877337
   0.540087
   0.100912
   0.691758
   0.737988
   0.010030
   0.452530
   0.382852
   0.483756
   0.407868
   0.445700
   0.126824
   0.684567
   0.979945
   0.776347
   0.343918
   0.032076
   0.945653
   0.358630
   0.891886
   0.274525
   0.213125
   0.898009
   0.858583
   0.356045
   0.713126
   0.888681
   0.299988
   0.548488
   0.661335
   0.815508
   0.903230
   0.310061
   0.069641
   0.082606
   0.662742
   0.465525
   0.109267
   0.238417
   0.875837
   0.356453
   0.474367
   0.748040
   0.296502
   0.405306
   0.714094
   0.547785
   0.420232
   0.785446
   0.470676
   0.265478
   0.261435
   0.864735
   0.267251
   0.314974
   0.161314
   0.223397
   0.019068
   0.153912
   0.075275
   0.970226
   0.372820
   0.289300
   0.758206
   0.858888
   0.754493
   0.614253
   0.368225
   0.189111
   0.270429
   0.041284
   0.760833
   0.936374
   0.831151
   0.138857
   0.195494
   0.957622
   0.735329
   0.193035
   0.603808
   0.488089
   0.466292
   0.700492
   0.525250
   0.023838
   0.206914
   0.287406
   0.183070
   0.679186
   0.270199
   0.586643
   0.787119
   0.829362
   0.800789
   0.067286
   0.478789
   0.423557
   0.799200
   0.571298
   0.791275
   0.176054
   0.115624
   0.433469
   0.185212
   0.340663
   0.156767
   0.192025
   0.051881
   0.551418
   0.908830
   0.692144
   0.830609
   0.569025
   0.504345
   0.294120
   0.486153
   0.187544
   0.653006
   0.210410
   0.745352
   0.637499
   0.881992
   0.007932
   0.171285
   0.235591
   0.792177
   0.404786
   0.320068
   0.429157
   0.506971
   0.654516
   0.139070
   0.758271
   0.050963
   0.792714
   0.200843
   0.639567
   0.041679
   0.227442
   0.615494
   0.901037
   0.688661
   0.766289
   0.968305
   0.594674
   0.680346
   0.411026
   0.231018
   0.436450
   0.996307
   0.258095
   0.681765
   0.904578
   0.603593
   0.325773
   0.584491
   0.477935
   0.122283
   0.650817
   0.236370
   0.915496
   0.330190
   0.457552
   0.413395
   0.943126
   0.159026
   0.573177
   0.882796
   0.227961
   0.567405
   0.604359
   0.228675
   0.465865
   0.417679
   0.412000
   0.060502
   0.391580
   0.958516
   0.013467
   0.093343
   0.064688
   0.485006
   0.456393
   0.056231
   0.730184
   0.089844
   0.969070
   0.106624
   0.819085
   0.302769
   0.827537
   0.303121
   0.672910
   0.444580
   0.686704
   0.649577
   0.784997
   0.324453
   0.745857
   0.794990
   0.854553
   0.758677
   0.583210
   0.208178
   0.880902
   0.941243
   0.925696
   0.931233
   0.738527
   0.001876
   0.561310
   0.109632
   0.056286
   0.897331
   0.280645
   0.684830
   0.691265
   0.171242
   0.122565
   0.336980
   0.690640
   0.909469
   0.188280
   0.845548
   0.099053
   0.984572
   0.588819
   0.456408
   0.060071
   0.863308
   0.333823
   0.590943
   0.176233
   0.922861
   0.483927
   0.635883
   0.181091
   0.940707
   0.175748
   0.383847
   0.123239
   0.536753
   0.172693
   0.753266
   0.253493
   0.703244
   0.909026
   0.590233
   0.240917
   0.218105
   0.521227
   0.378511
   0.104938
   0.763646
   0.107091
   0.628328
   0.445963
   0.946101
   0.902589
   0.766302
   0.612566
   0.473850
   0.601991
   0.694458
   0.376847
   0.969922
   0.417754
   0.313857
   0.213230
   0.444291
   0.181191
   0.560595
   0.181934
   0.801759
   0.385878
   0.981569
   0.533371
   0.123345
   0.802346
   0.719292
   0.703981
   0.979590
   0.448010
   0.239495
   0.759000
   0.643467
   0.968965
   0.635004
   0.483581
   0.727360
   0.241056
   0.566187
   0.871663
   0.308815
   0.319604
   0.983990
   0.342510
   0.318354
   0.274099
   0.867783
   0.941474
   0.133593
   0.234886
   0.652815
   0.529135
   0.241616
   0.528381
   0.332711
   0.332737
   0.540910
   0.120824
   0.427566
   0.137938
   0.566468
   0.785297
   0.128266
   0.722037
   0.600152
   0.285207
   0.204548
   0.557427
   0.177508
   0.577201
   0.090499
   0.048803
   0.324036
   0.820642
   0.451246
   0.988464
   0.392971
   0.182432
   0.891075
   0.804241
   0.605967
   0.356655
   0.780887
   0.428298
   0.569648
   0.756381
   0.462007
   0.806606
   0.807249
   0.062972
   0.855689
   0.547985
   0.869351
   0.912090
   0.252717
   0.029188
   0.960919
   0.254448
   0.501575
   0.649249
   0.516165
   0.840185
   0.168738
   0.750504
   0.778280
   0.020598
   0.706848
   0.060658
   0.717332
   0.243984
   0.719043
   0.997248
   0.674953
   0.612060
   0.492732
   0.270237
   0.371426
   0.282594
   0.892295
   0.732462
   0.168951
   0.973908
   0.000234
   0.438642
   0.710849
   0.775276
   0.391051
   0.461866
   0.303508
   0.631747
   0.190377
   0.730876
   0.284141
   0.643362
   0.916183
   0.993846
   0.968320
   0.568608
   0.318754
   0.255174
   0.306880
   0.316341
   0.430828
   0.941675
   0.910142
   0.618953
   0.129473
   0.085213
   0.012299
   0.423983
   0.667303
   0.072215
   0.643110
   0.721454
   0.458397
   0.879329
   0.357588
   0.850091
   0.265142
   0.630800
   0.331485
   0.492045
   0.201150
   0.634544
   0.317700
   0.479610
   0.839497
   0.975223
   0.333485
   0.237348
   0.597052
   0.402580
   0.977460
   0.934595
   0.706544
   0.131609
   0.319480
   0.134145
   0.491208
   0.301642
   0.476718
   0.300109
   0.506949
   0.739154
   0.657832
   0.648351
   0.455760
   0.977582
   0.305451
   0.907005
   0.563518
   0.589253
   0.221915
   0.617316
   0.952465
   0.425949
   0.713380
   0.492680
   0.986303
   0.114749
   0.875536
   0.229979
   0.289298
   0.125696
   0.933607
   0.680275
   0.536977
   0.728007
   0.235637
   0.835486
   0.059871
   0.062943
   0.750272
   0.455062
   0.324546
   0.862863
   0.531036
   0.954100
   0.397164
   0.119379
   0.813740
   0.468202
   0.896803
   0.044910
   0.532835
   0.117321
   0.713152
   0.615218
   0.732512
   0.927880
   0.803408
   0.032758
   0.891106
   0.503464
   0.837149
   0.465203
   0.708740
   0.059295
   0.460841
   0.539496
   0.433298
   0.290161
   0.195527
   0.550074
   0.808686
   0.060095
   0.842211
   0.172294
   0.027140
   0.085496
   0.542026
   0.125363
   0.125950
   0.554007
   0.823781
   0.624445
   0.225739
   0.880969
   0.975674
   0.119325
   0.532759
   0.505121
   0.644275
   0.824126
   0.549841
   0.815259
   0.403310
   0.204171
   0.121176
   0.972851
   0.387528
   0.087428
   0.373789
   0.720160
   0.952802
   0.753168
   0.089138
   0.082887
   0.000631
   0.826265
   0.061605
   0.810420
   0.800982
   0.447675
   0.451405
   0.171458
   0.341901
   0.771360
   0.453074
   0.563400
   0.472462
   0.653869
   0.887222
   0.083842
   0.454450
   0.499309
   0.423254
   0.073295
   0.608634
   0.876393
   0.635750
   0.303016
   0.317727
   0.247201
   0.164767
   0.985339
   0.762956
   0.801928
   0.191369
   0.959016
   0.691246
   0.032685
   0.191268
   0.045201
   0.460703
   0.342315
   0.124128
   0.732743
   0.994698
   0.924303
   0.742666
   0.563018
   0.443839
   0.386398
   0.022688
   0.185484
   0.048712
   0.439870
   0.880000
   0.497180
   0.646583
   0.422199
   0.798178
   0.302005
   0.169188
   0.791684
   0.765479
   0.493878
   0.569917
   0.444541
   0.887365
   0.352971
   0.749192
   0.657130
   0.698075
   0.678249
   0.265636
   0.315075
   0.947853
   0.920729
   0.062654
   0.934766
   0.423708
   0.551881
   0.888737
   0.734766
   0.287982
   0.417130
   0.454161
   0.328239
   0.939716
   0.461079
   0.221462
   0.690504
   0.447906
   0.710101
   0.585543
   0.275638
   0.625132
   0.739180
   0.372470
   0.610112
   0.297689
   0.368293
   0.528558
   0.083688
   0.498884
   0.011536
   0.950806
   0.437935
   0.147721
   0.621902
   0.113593
   0.704692
   0.580177
   0.453318
   0.241306
   0.925626
   0.467326
   0.761773
   0.412293
   0.628107
   0.487699
   0.985280
   0.648766
   0.872002
   0.345019
   0.683065
   0.508378
   0.831540
   0.371283
   0.656354
   0.476272
   0.202771
   0.539780
   0.289281
   0.017549
   0.859946
   0.431744
   0.809324
   0.463571
   0.213444
   0.381474
   0.222509
   0.859269
   0.621815
   0.427027
   0.790678
   0.704958
   0.903345
   0.892459
   0.733422
   0.665680
   0.356297
   0.593196
   0.591685
   0.448827
   0.857413
   0.187150
   0.388957
   0.365287
   0.032365
   0.545904
   0.597999
   0.807437
   0.061317
   0.752168
   0.317529
   0.956079
   0.230672
   0.084351
   0.368833
   0.628915
   0.017043
   0.318426
   0.660276
   0.416811
   0.648042
   0.817979
   0.692649
   0.141456
   0.292271
   0.672624
   0.334795
   0.933375
   0.414491
   0.388460
   0.040362
   0.015715
   0.825666
   0.601970
   0.398035
   0.451016
   0.953294
   0.979511
   0.831219
   0.163282
   0.096898
   0.553891
   0.461433
   0.673508
   0.039106
   0.278075
   0.333559
   0.191499
   0.566977
   0.417107
   0.902617
   0.645834
   0.324342
   0.733947
   0.655764
   0.014838
   0.043143
   0.255860
   0.630397
   0.428973
   0.863586
   0.567186
   0.807655
   0.527365
   0.405902
   0.186143
   0.207066
   0.673082
   0.556245
   0.323900
   0.603723
   0.292544
   0.226355
   0.702005
   0.599278
   0.080685
   0.724695
   0.347398
   0.435175
   0.583301
   0.638015
   0.398226
   0.078562
   0.091310
   0.805785
   0.193118
   0.186160
   0.462698
   0.108366
   0.723576
   0.078582
   0.860003
   0.436679
   0.650234
   0.628040
   0.698034
   0.067619
   0.195501
   0.420537
   0.567138
   0.206284
   0.869711
   0.689618
   0.751210
   0.665140
   0.244280
   0.682916
   0.505559
   0.282664
   0.941498
   0.253470
   0.520336
   0.252926
   0.513861
   0.703363
   0.281263
   0.062536
   0.997184
   0.805845
   0.557688
   0.179438
   0.843317
   0.057349
   0.032011
   0.385026
   0.773726
   0.433507
   0.228342
   0.253470
   0.253095
   0.390312
   0.587909
   0.523120
   0.577249
   0.848749
   0.626998
   0.599549
   0.310439
   0.011715
   0.817123
   0.750169
   0.663676
   0.626824
   0.276538
   0.603182
   0.441404
   0.333373
   0.590665
   0.689433
   0.866374
   0.252312
   0.025107
   0.733256
   0.156023
   0.603995
   0.127629
   0.251902
   0.965205
   0.918202
   0.982657
   0.478515
   0.621527
   0.423205
   0.640601
   0.566254
   0.055715
   0.386397
   0.712345
   0.200491
   0.645158
   0.916704
   0.189592
   0.072875
   0.027331
   0.665334
   0.263010
   0.368676
   0.481708
   0.062106
   0.421346
   0.259885
   0.024398
   0.098854
   0.579617
   0.802686
   0.296918
   0.726221
   0.251203
   0.985008
   0.113468
   0.008712
   0.079952
   0.452133
   0.050239
   0.397566
   0.426064
   0.859734
   0.686799
   0.900723
   0.393610
   0.868492
   0.004500
   0.370841
   0.791949
   0.401611
   0.746696
   0.133926
   0.359709
   0.328170
   0.337525
   0.397140
   0.692173
   0.542223
   0.874028
   0.507074
   0.145713
   0.362593
   0.577756
   0.171217
   0.231410
   0.690823
   0.274716
   0.776109
   0.919932
   0.310501
   0.759912
   0.795949
   0.730337
   0.305574
   0.445487
   0.296204
   0.483883
   0.445494
   0.048042
   0.487293
   0.470553
   0.695949
   0.195845
   0.217557
   0.215239
   0.586876
   0.824000
   0.681509
   0.223541
   0.514423
   0.070983
   0.441239
   0.160037
   0.166603
   0.947174
   0.049370
   0.345155
   0.382477
   0.372674
   0.239005
   0.227621
   0.916066
   0.984772
   0.634162
   0.711094
   0.119399
   0.679088
   0.202179
   0.189081
   0.079640
   0.600989
   0.718549
   0.252282
   0.524400
   0.404947
   0.437363
   0.149555
   0.748175
   0.354579
   0.503739
   0.291504
   0.061601
   0.618669
   0.163130
   0.047455
   0.113305
   0.267109
   0.601667
   0.888457
   0.632924
   0.005592
   0.314589
   0.598393
   0.796992
   0.886319
   0.406510
   0.829309
   0.433917
   0.182007
   0.943346
   0.314033
   0.759389
   0.713297
   0.072853
   0.996904
   0.515979
   0.594767
   0.166240
   0.320651
   0.471501
   0.648596
   0.387361
   0.425068
   0.344484
   0.601571
   0.926480
   0.356106
   0.408387
   0.300371
   0.065563
   0.984118
   0.196148
   0.717777
   0.415685
   0.753443
   0.142141
   0.285045
   0.744517
   0.056167
   0.397208
   0.713908
   0.573674
   0.442820
   0.264562
   0.495670
   0.784678
   0.847502
   0.855367
   0.063636
   0.658163
   0.650952
   0.000094
   0.056477
   0.233274
   0.254884
   0.432721
   0.500499
   0.326319
   0.801657
   0.730578
   0.885853
   0.908610
   0.998603
   0.384164
   0.321380
   0.575955
   0.749310
   0.167575
   0.230796
   0.301683
   0.974249
   0.089426
   0.849807
   0.702417
   0.753203
   0.616039
   0.185495
   0.246046
   0.797990
   0.493587
   0.060370
   0.120415
   0.976309
   0.374941
   0.252066
   0.923548
   0.414910
   0.065827
   0.063513
   0.096971
   0.054902
   0.274594
   0.946623
   0.906719
   0.212304
   0.288866
   0.990752
   0.716650
   0.938575
   0.757720
   0.560978
   0.151851
   0.210463
   0.977229
   0.192096
   0.173106
   0.095016
   0.655917
   0.785329
   0.675276
   0.492351
   0.691728
   0.432905
   0.203214
   0.183168
   0.831786
   0.264011
   0.208816
   0.827680
   0.603573
   0.847246
   0.507889
   0.689620
   0.411336
   0.646584
   0.472934
   0.585940
   0.476167
   0.641746
   0.634668
   0.289709
   0.950679
   0.138823
   0.665515
   0.377788
   0.517672
   0.880931
   0.229195
   0.721606
   0.907328
   0.741695
   0.536090
   0.034492
   0.762987
   0.778583
   0.260473
   0.570285
   0.858331
   0.147055
   0.481006
   0.004592
   0.472896
   0.259341
   0.839499
   0.781347
   0.231677
   0.146099
   0.600370
   0.204966
   0.402951
   0.248973
   0.328628
   0.589954
   0.742949
   0.997956
   0.236528
   0.930948
   0.515080
   0.730340
   0.810621
   0.661621
   0.715422
   0.413886
   0.674854
   0.904970
   0.563809
   0.602436
   0.636652
   0.416559
   0.198413
   0.957551
   0.990560
   0.781273
   0.274337
   0.368396
   0.692703
   0.124645
   0.499871
   0.307331
   0.046339
   0.479112
   0.526360
   0.201641
   0.925174
   0.750472
   0.228291
   0.416791
   0.920645
   0.747736
   0.123075
   0.148302
   0.963261
   0.666099
   0.416022
   0.639234
   0.807148
   0.360851
   0.517833
   0.681222
   0.595251
   0.470103
   0.007610
   0.787517
   0.552047
   0.743108
   0.117947
   0.478484
   0.433459
   0.669486
   0.824314
   0.530389
   0.364249
   0.337869
   0.439913
   0.327002
   0.960484
   0.776893
   0.314583
   0.963830
   0.959364
   0.231854
   0.251925
   0.186865
   0.662250
   0.264593
   0.094657
   0.899416
   0.193553
   0.111388
   0.618636
   0.570119
   0.636628
   0.135419
   0.923491
   0.917565
   0.353795
   0.622506
   0.768090
   0.952898
   0.518765
   0.517524
   0.156673
   0.205916
   0.612637
   0.248805
   0.907216
   0.431836
   0.211883
   0.552767
   0.114002
   0.248512
   0.611640
   0.524808
   0.075961
   0.962119
   0.274073
   0.931666
   0.971939
   0.802599
   0.629551
   0.267568
   0.259486
   0.609702
   0.741815
   0.175458
   0.240914
   0.972693
   0.567872
   0.425728
   0.537175
   0.263503
   0.280794
   0.692843
   0.869555
   0.824771
   0.886337
   0.599752
   0.542158
   0.441625
   0.454694
   0.004109
   0.534181
   0.968878
   0.159464
   0.560537
   0.722459
   0.008270
   0.634424
   0.536653
   0.998791
   0.235017
   0.671711
   0.370844
   0.196712
   0.792723
   0.462960
   0.918237
   0.347456
   0.778712
   0.927264
   0.616119
   0.989128
   0.505946
   0.886084
   0.632458
   0.272036
   0.962578
   0.466203
   0.775919
   0.028841
   0.634013
   0.075802
   0.321169
   0.232407
   0.585992
   0.097547
   0.853575
   0.049546
   0.625450
   0.191864
   0.871088
   0.861839
   0.023800
   0.300853
   0.865570
   0.933245
   0.361590
   0.331158
   0.243697
   0.319688
   0.681871
   0.724361
   0.057012
   0.356035
   0.698216
   0.775407
   0.653758
   0.045928
   0.444852
   0.959786
   0.856810
   0.391697
   0.697803
   0.724256
   0.060572
   0.166273
   0.042935
   0.699448
   0.749855
   0.814645
   0.042134
   0.054534
   0.831130
   0.721236
   0.967177
   0.328510
   0.761447
   0.298939
   0.601374
   0.705212
   0.346196
   0.301368
   0.116237
   0.192461
   0.887662
   0.294020
   0.708473
   0.163666
   0.367426
   0.518631
   0.151208
   0.753652
   0.611934
   0.799102
   0.701809
   0.883889
   0.245923
   0.033369
   0.982627
   0.760242
   0.427007
   0.958445
   0.359707
   0.834989
   0.521885
   0.076273
   0.733711
   0.703563
   0.304552
   0.065925
   0.014067
   0.856289
   0.157534
   0.628757
   0.908646
   0.340061
   0.965566
   0.453758
   0.133534
   0.792113
   0.821001
   0.340916
   0.597750
   0.829948
   0.180891
   0.572161
   0.589706
   0.964294
   0.758959
   0.901025
   0.535477
   0.179897
   0.165526
   0.436261
   0.464582
   0.938643
   0.514028
   0.833631
   0.199623
   0.847736
   0.795247
   0.279729
   0.452799
   0.388720
   0.762155
   0.931100
   0.533472
   0.122476
   0.719717
   0.461434
   0.792481
   0.617147
   0.393472
   0.021960
   0.576929
   0.430814
   0.950392
   0.905224
   0.167377
   0.074111
   0.732607
   0.704949
   0.983004
   0.410598
   0.743999
   0.673642
   0.222254
   0.105246
   0.453790
   0.667251
   0.731613
   0.996110
   0.977719
   0.582116
   0.882630
   0.004129
   0.377146
   0.905590
   0.226351
   0.263715
   0.902773
   0.578864
   0.204338
   0.475755
   0.739248
   0.902712
   0.024914
   0.277679
   0.516263
   0.946807
   0.283325
   0.794773
   0.721444
   0.222510
   0.346765
   0.844861
   0.181084
   0.774577
   0.384970
   0.275329
   0.375715
   0.706000
   0.488185
   0.079175
   0.977315
   0.899856
   0.753321
   0.020200
   0.924376
   0.997386
   0.849870
   0.240693
   0.601590
   0.103050
   0.907737
   0.268547
   0.001643
   0.566530
   0.426359
   0.917388
   0.317924
   0.970092
   0.897890
   0.081905
   0.465240
   0.022817
   0.258523
   0.532413
   0.154587
   0.218822
   0.368931
   0.226970
   0.044801
   0.223320
   0.524718
   0.007635
   0.932828
   0.672080
   0.330260
   0.713327
   0.390272
   0.252343
   0.922437
   0.002821
   0.552714
   0.731848
   0.732721
   0.872139
   0.941931
   0.952763
   0.819703
   0.469530
   0.183666
   0.317247
   0.207535
   0.940099
   0.841836
   0.921291
   0.621303
   0.943537
   0.123444
   0.442515
   0.676172
   0.346035
   0.789696
   0.392078
   0.113167
   0.591662
   0.415487
   0.370804
   0.671488
   0.466106
   0.478220
   0.174302
   0.745049
   0.959577
   0.867805
   0.880991
   0.216794
   0.573041
   0.862586
   0.362472
   0.836370
   0.917480
   0.855341
   0.921941
   0.170354
   0.071711
   0.601055
   0.868428
   0.269569
   0.727347
   0.351922
   0.312739
   0.906973
   0.746593
   0.582858
   0.036896
   0.424097
   0.581232
   0.728955
   0.179438
   0.200335
   0.624690
   0.027470
   0.132652
   0.857432
   0.097455
   0.816325
   0.804492
   0.835797
   0.045881
   0.070197
   0.498685
   0.759458
   0.094312
   0.192384
   0.415354
   0.434664
   0.723414
   0.313905
   0.289049
   0.756414
   0.971586
   0.356131
   0.985579
   0.253937
   0.764883
   0.406836
   0.516777
   0.916980
   0.028340
   0.877274
   0.001648
   0.003256
   0.564988
   0.523677
   0.051641
   0.935198
   0.706091
   0.169775
   0.767404
   0.544522
   0.249282
   0.899919
   0.324054
   0.698214
   0.520764
   0.300554
   0.929428
   0.404448
   0.102187
   0.957676
   0.717516
   0.195463
   0.667547
   0.388683
   0.110676
   0.577364
   0.394093
   0.585181
   0.142252
   0.714527
   0.480376
   0.611567
   0.516338
   0.174801
   0.627952
   0.614677
   0.493448
   0.895491
   0.557750
   0.088851
   0.479041
   0.317440
   0.109563
   0.105394
   0.616487
   0.693396
   0.780573
   0.289168
   0.593146
   0.078819
   0.393937
   0.205525
   0.075706
   0.251984
   0.914260
   0.162957
   0.024177
   0.244958
   0.931900
   0.228633
   0.957631
   0.740836
   0.889983
   0.326614
   0.339125
   0.817183
   0.324903
   0.041683
   0.239199
   0.746886
   0.978115
   0.409718
   0.930964
   0.180713
   0.300940
   0.901792
   0.731998
   0.881555
   0.160461
   0.450286
   0.783034
   0.309789
   0.389471
   0.813103
   0.758760
   0.422993
   0.683288
   0.523095
   0.553862
   0.134218
   0.438531
   0.264254
   0.939929
   0.934405
   0.295962
   0.112352
   0.366709
   0.207825
   0.168140
   0.761000
   0.637121
   0.620606
   0.126097
   0.423850
   0.394897
   0.629812
   0.764960
   0.021158
   0.854717
   0.885947
   0.476700
   0.767499
   0.070837
   0.246723
   0.371149
   0.937504
   0.250756
   0.162090
   0.428880
   0.052849
   0.571482
   0.149728
   0.536100
   0.388781
   0.740324
   0.968851
   0.183075
   0.369954
   0.453790
   0.308975
   0.890051
   0.059355
   0.618334
   0.286030
   0.295009
   0.857502
   0.660121
   0.584138
   0.180245
   0.481035
   0.116339
   0.747773
   0.494534
   0.541486
   0.095329
   0.346092
   0.128889
   0.133608
   0.315347
   0.624745
   0.842288
   0.323066
   0.488835
   0.520607
   0.217991
   0.057143
   0.762172
   0.050562
   0.831759
   0.528521
   0.476566
   0.201537
   0.370041
   0.012241
   0.093296
   0.392765
   0.180151
   0.619899
   0.007104
   0.302141
   0.744580
   0.626845
   0.009834
   0.277098
   0.087708
   0.258580
   0.293079
   0.297943
   0.225677
   0.828706
   0.136505
   0.100435
   0.399484
   0.426083
   0.668335
   0.697999
   0.266197
   0.772791
   0.731470
   0.954835
   0.417447
   0.765690
   0.667230
   0.085873
   0.779533
   0.366607
   0.564341
   0.887321
   0.518460
   0.052874
   0.683894
   0.242905
   0.459135
   0.051858
   0.477341
   0.115506
   0.042028
   0.524731
   0.831798
   0.677752
   0.936582
   0.311326
   0.955505
   0.761957
   0.585132
   0.693414
   0.238786
   0.823540
   0.074377
   0.094864
   0.097116
   0.628118
   0.141911
   0.769794
   0.251577
   0.632315
   0.856041
   0.520731
   0.042924
   0.148325
   0.560625
   0.237564
   0.326315
   0.971221
   0.815627
   0.835824
   0.372951
   0.072236
   0.523669
   0.989959
   0.768958
   0.934934
   0.566167
   0.679972
   0.275246
   0.250934
   0.276469
   0.387736
   0.141572
   0.763113
   0.910641
   0.246650
   0.567741
   0.535932
   0.929289
   0.519900
   0.716154
   0.620182
   0.624709
   0.921764
   0.218069
   0.692073
   0.565976
   0.863723
   0.248907
   0.230071
   0.021646
   0.402943
   0.033945
   0.378098
   0.318478
   0.707610
   0.126641
   0.269727
   0.326665
   0.093375
   0.226170
   0.270265
   0.878004
   0.559549
   0.211638
   0.947123
   0.006147
   0.249675
   0.123871
   0.421908
   0.947732
   0.947001
   0.582275
   0.720602
   0.927895
   0.454013
   0.201333
   0.488883
   0.355563
   0.161768
   0.695972
   0.064119
   0.253848
   0.296439
   0.241084
   0.137767
   0.128807
   0.316981
   0.428982
   0.478578
   0.830539
   0.959538
   0.928422
   0.170753
   0.705762
   0.578356
   0.706967
   0.967943
   0.822246
   0.985091
   0.869977
   0.490892
   0.042413
   0.417688
   0.597695
   0.940302
   0.956512
   0.286112
   0.632320
   0.638077
   0.440309
   0.597739
   0.006515
   0.887942
   0.939235
   0.290548
   0.749542
   0.000933
   0.297241
   0.664942
   0.309430
   0.558644
   0.947502
   0.356714
   0.566579
   0.786602
   0.978937
   0.187086
   0.989842
   0.267877
   0.175703
   0.480918
   0.935907
   0.191391
   0.945461
   0.377966
   0.931886
   0.174412
   0.568402
   0.225123
   0.597964
   0.965845
   0.075591
   0.751458
   0.362752
   0.440347
   0.643971
   0.062026
   0.544593
   0.617373
   0.224215
   0.704940
   0.112840
   0.945692
   0.540399
   0.908444
   0.620949
   0.840049
   0.528914
   0.326481
   0.911618
   0.330033
   0.872581
   0.808819
   0.484439
   0.645072
   0.000878
   0.918663
   0.493772
   0.290538
   0.379352
   0.749224
   0.475993
   0.506446
   0.812934
   0.648437
   0.365091
   0.067047
   0.377553
   0.315787
   0.911661
   0.727144
   0.669063
   0.022607
   0.097050
   0.356624
   0.120888
   0.584489
   0.897114
   0.865898
   0.141063
   0.236776
   0.191852
   0.155009
   0.871921
   0.472071
   0.863336
   0.256437
   0.952645
   0.386156
   0.265065
   0.052875
   0.131548
   0.388344
   0.124249
   0.139628
   0.998672
   0.457613
   0.484954
   0.570823
   0.205996
   0.253100
   0.680131
   0.013826
   0.207016
   0.522647
   0.195708
   0.782100
   0.204576
   0.858842
   0.903753
   0.721830
   0.714797
   0.084666
   0.673676
   0.414396
   0.438821
   0.603141
   0.821742
   0.074578
   0.589512
   0.795961
   0.329086
   0.192359
   0.666350
   0.602216
   0.748389
   0.471540
   0.985559
   0.222770
   0.817953
   0.781931
   0.588822
   0.776730
   0.021632
   0.592128
   0.423187
   0.358719
   0.001167
   0.773567
   0.793835
   0.219192
   0.151812
   0.552413
   0.796394
   0.148312
   0.665867
   0.695115
   0.730195
   0.421223
   0.105570
   0.896060
   0.549933
   0.185317
   0.949856
   0.731453
   0.837545
   0.769542
   0.592091
   0.593831
   0.176959
   0.747639
   0.264042
   0.852886
   0.420974
   0.156770
   0.167432
   0.987074
   0.867804
   0.685276
   0.485344
   0.448356
   0.908371
   0.397864
   0.824855
   0.547522
   0.585070
   0.818342
   0.059949
   0.575317
   0.985145
   0.155482
   0.872526
   0.950925
   0.024271
   0.830441
   0.047274
   0.184761
   0.046981
   0.946333
   0.724414
   0.651765
   0.051516
   0.237906
   0.157390
   0.640162
   0.917723
   0.952406
   0.109273
   0.515424
   0.648672
   0.383208
   0.680121
   0.963105
   0.340218
   0.044918
   0.124808
   0.050037
   0.734340
   0.677492
   0.489816
   0.598556
   0.351733
   0.519540
   0.541443
   0.984233
   0.161522
   0.851052
   0.975895
   0.360459
   0.399676
   0.119455
   0.864884
   0.213096
   0.302702
   0.492661
   0.088068
   0.718038
   0.339259
   0.478632
   0.121821
   0.068730
   0.459523
   0.133265
   0.340387
   0.707504
   0.130755
   0.072718
   0.306058
   0.194311
   0.291945
   0.243675
   0.765092
   0.809920
   0.798361
   0.358087
   0.712694
   0.148342
   0.166870
   0.097171
   0.827167
   0.205673
   0.561987
   0.299724
   0.183615
   0.172054
   0.489792
   0.518776
   0.978124
   0.354253
   0.297554
   0.251702
   0.412979
   0.152745
   0.777836
   0.770517
   0.922629
   0.715735
   0.752437
   0.788019
   0.021852
   0.328652
   0.792697
   0.177988
   0.073364
   0.850572
   0.904665
   0.214646
   0.680723
   0.651757
   0.436317
   0.365227
   0.521839
   0.463587
   0.089232
   0.164090
   0.900860
   0.619411
   0.123289
   0.063889
   0.796227
   0.450124
   0.820865
   0.654983
   0.160737
   0.383985
   0.822489
   0.752719
   0.493853
   0.299963
   0.556458
   0.315498
   0.773088
   0.052835
   0.635210
   0.095612
   0.635027
   0.442453
   0.976119
   0.944798
   0.397445
   0.750992
   0.535512
   0.477935
   0.532928
   0.487168
   0.763314
   0.483807
   0.786621
   0.417521
   0.622285
   0.143517
   0.389637
   0.339852
   0.191965
   0.428109
   0.237489
   0.037031
   0.686001
   0.379422
   0.900838
   0.184826
   0.607722
   0.095651
   0.975697
   0.732479
   0.417962
   0.230330
   0.098666
   0.752906
   0.539460
   0.931524
   0.936568
   0.094336
   0.624234
   0.137147
   0.898309
   0.329037
   0.497446
   0.820569
   0.320277
   0.755697
   0.405495
   0.915885
   0.869676
   0.925689
   0.274063
   0.440386
   0.318401
   0.745468
   0.917007
   0.862575
   0.046469
   0.669698
   0.309917
   0.192166
   0.474309
   0.025307
   0.015583
   0.214100
   0.229962
   0.526737
   0.438231
   0.770963
   0.478924
   0.149095
   0.691393
   0.348750
   0.201360
   0.179005
   0.425192
   0.799637
   0.993974
   0.972854
   0.587528
   0.059701
   0.798737
   0.759769
   0.160670
   0.094533
   0.831542
   0.654217
   0.410760
   0.536534
   0.062820
   0.064630
   0.095402
   0.146766
   0.567075
   0.376066
   0.957234
   0.827146
   0.464528
   0.542933
   0.863028
   0.651010
   0.559253
   0.676345
   0.806404
   0.661931
   0.115854
   0.625965
   0.006573
   0.945453
   0.814110
   0.093319
   0.861629
   0.974534
   0.395165
   0.763740
   0.810865
   0.996428
   0.192682
   0.790494
   0.181780
   0.328068
   0.645407
   0.273304
   0.688758
   0.858650
   0.956262
   0.673424
   0.406992
   0.658847
   0.764535
   0.989481
   0.032458
   0.966240
   0.948096
   0.721598
   0.614641
   0.884425
   0.562499
   0.889032
   0.860479
   0.028025
   0.222837
   0.300021
   0.289982
   0.913003
   0.716494
   0.337349
   0.372393
   0.520655
   0.948226
   0.131348
   0.380252
   0.844509
   0.931504
   0.784063
   0.437252
   0.117605
   0.428048
   0.675282
   0.440250
   0.076891
   0.346344
   0.449613
   0.328742
   0.089615
   0.309410
   0.231091
   0.289765
   0.206541
   0.613917
   0.845833
   0.648805
   0.307267
   0.010497
   0.743398
   0.756151
   0.010779
   0.642793
   0.701998
   0.088070
   0.388803
   0.157463
   0.737758
   0.601378
   0.349331
   0.003284
   0.611732
   0.101842
   0.293414
   0.666915
   0.708932
   0.475020
   0.359847
   0.800486
   0.170204
   0.543855
   0.687223
   0.628486
   0.451128
   0.094729
   0.266930
   0.142745
   0.151640
   0.653530
   0.131511
   0.066948
   0.851209
   0.046642
   0.430430
   0.647046
   0.160306
   0.175393
   0.267304
   0.961570
   0.018483
   0.151402
   0.559772
   0.576014
   0.400979
   0.504708
   0.950087
   0.935887
   0.221503
   0.345907
   0.224532
   0.306914
   0.997233
   0.955102
   0.408786
   0.935466
   0.653659
   0.131437
   0.566853
   0.222798
   0.832223
   0.411728
   0.072078
   0.416462
   0.248479
   0.880856
   0.427774
   0.605977
   0.994464
   0.094083
   0.227706
   0.022647
   0.127389
   0.824785
   0.297801
   0.463594
   0.721978
   0.813961
   0.448776
   0.528600
   0.727459
   0.824830
   0.521233
   0.239599
   0.469047
   0.482092
   0.219930
   0.353864
   0.838619
   0.679903
   0.982717
   0.163640
   0.259039
   0.191328
   0.274524
   0.077556
   0.148866
   0.025777
   0.823952
   0.951762
   0.317950
   0.368355
   0.548077
   0.907306
   0.541253
   0.856712
   0.609718
   0.378388
   0.396986
   0.317350
   0.434900
   0.890489
   0.048160
   0.658657
   0.364241
   0.296568
   0.775758
   0.032014
   0.784390
   0.585576
   0.387032
   0.232930
   0.233054
   0.423893
   0.390968
   0.555089
   0.729011
   0.198118
   0.844466
   0.627670
   0.495659
   0.403901
   0.469522
   0.781602
   0.665374
   0.176022
   0.447197
   0.357143
   0.629334
   0.340886
   0.565008
   0.896716
   0.373400
   0.723711
   0.328831
   0.540577
   0.944530
   0.910846
   0.349771
   0.072154
   0.475208
   0.706583
   0.550294
   0.370133
   0.402614
   0.293035
   0.666625
   0.213899
   0.953602
   0.850294
   0.585746
   0.490950
   0.503336
   0.779951
   0.763558
   0.307773
   0.307308
   0.814268
   0.507213
   0.724284
   0.410044
   0.769376
   0.286803
   0.322946
   0.833850
   0.393177
   0.164172
   0.659551
   0.197384
   0.322957
   0.048580
   0.164699
   0.869669
   0.531354
   0.116976
   0.199424
   0.681266
   0.909299
   0.518094
   0.132578
   0.084576
   0.398346
   0.535803
   0.251521
   0.803182
   0.267856
   0.024128
   0.864600
   0.519460
   0.231438
   0.364690
   0.842705
   0.910130
   0.609104
   0.157221
   0.381663
   0.055752
   0.010468
   0.230987
   0.777741
   0.936502
   0.349437
   0.651116
   0.221102
   0.260396
   0.716502
   0.115342
   0.374079
   0.875242
   0.697023
   0.017550
   0.049355
   0.110311
   0.208761
   0.978275
   0.200421
   0.084327
   0.008301
   0.906080
   0.734457
   0.878550
   0.382228
   0.089671
   0.320162
   0.907745
   0.233345
   0.460374
   0.774991
   0.795581
   0.693307
   0.838731
   0.853079
   0.371599
   0.613999
   0.819291
   0.638253
   0.119115
   0.185989
   0.644781
   0.029734
   0.835736
   0.461866
   0.500600
   0.118875
   0.248053
   0.783971
   0.256106
   0.340825
   0.582987
   0.520549
   0.490266
   0.743119
   0.779445
   0.944795
   0.953571
   0.080804
   0.374003
   0.484349
   0.388663
   0.311241
   0.246392
   0.272913
   0.031696
   0.856693
   0.022037
   0.069493
   0.320649
   0.286577
   0.264690
   0.904244
   0.930330
   0.422934
   0.956636
   0.592756
   0.008448
   0.944488
   0.352392
   0.798774
   0.929369
   0.284592
   0.928401
   0.729057
   0.193511
   0.935004
   0.575049
   0.456844
   0.514216
   0.949413
   0.535739
   0.795869
   0.067982
   0.744994
   0.540526
   0.877603
   0.690126
   0.980993
   0.663308
   0.907187
   0.547058
   0.275717
   0.710744
   0.619338
   0.609445
   0.688479
   0.136617
   0.156235
   0.327734
   0.424852
   0.099196
   0.858406
   0.404110
   0.156572
   0.390505
   0.486083
   0.621078
   0.167986
   0.083014
   0.799907
   0.996677
   0.202012
   0.611387
   0.557018
   0.363101
   0.757597
   0.355290
   0.444236
   0.592269
   0.256166
   0.354311
   0.715606
   0.030115
   0.666734
   0.815719
   0.413682
   0.409676
   0.661568
   0.666687
   0.014759
   0.091243
   0.048520
   0.095297
   0.238368
   0.264429
   0.881987
   0.533982
   0.582352
   0.138867
   0.372305
   0.222471
   0.343024
   0.906487
   0.802998
   0.121992
   0.811590
   0.235297
   0.728157
   0.786909
   0.394935
   0.690598
   0.234003
   0.652594
   0.250887
   0.521925
   0.014576
   0.697579
   0.852119
   0.399924
   0.327370
   0.448318
   0.081639
   0.773037
   0.812815
   0.108897
   0.691127
   0.678166
   0.852313
   0.811734
   0.565821
   0.686589
   0.661667
   0.443704
   0.321893
   0.189056
   0.832360
   0.947077
   0.551164
   0.627913
   0.298216
   0.306629
   0.284082
   0.176332
   0.871675
   0.214778
   0.097292
   0.060383
   0.050717
   0.171542
   0.667741
   0.985460
   0.620296
   0.359645
   0.655618
   0.131043
   0.598200
   0.771264
   0.297203
   0.689290
   0.867429
   0.437790
   0.428910
   0.980118
   0.781187
   0.107247
   0.844858
   0.683775
   0.096239
   0.092416
   0.088779
   0.961693
   0.255200
   0.490629
   0.999785
   0.837767
   0.795562
   0.179076
   0.801716
   0.080367
   0.435113
   0.385741
   0.947554
   0.543803
   0.956706
   0.715678
   0.464184
   0.814241
   0.664527
   0.136546
   0.717262
   0.525139
   0.880382
   0.296331
   0.087672
   0.835301
   0.518734
   0.133181
   0.574988
   0.795597
   0.431869
   0.625423
   0.663350
   0.037176
   0.645527
   0.109293
   0.921253
   0.436466
   0.478923
   0.698930
   0.969875
   0.619911
   0.109818
   0.936326
   0.782793
   0.039137
   0.810098
   0.274329
   0.417291
   0.810119
   0.900829
   0.029386
   0.580875
   0.635427
   0.910624
   0.668327
   0.748112
   0.336576
   0.191522
   0.930756
   0.605490
   0.267769
   0.652617
   0.184838
   0.977673
   0.796617
   0.442434
   0.337027
   0.700040
   0.938174
   0.560771
   0.105133
   0.929712
   0.041879
   0.266914
   0.520607
   0.467323
   0.941205
   0.726414
   0.829518
   0.031619
   0.126717
   0.234063
   0.227984
   0.771694
   0.424230
   0.300962
   0.921442
   0.781421
   0.111011
   0.346732
   0.844553
   0.601716
   0.580368
   0.360983
   0.491593
   0.215306
   0.342236
   0.030749
   0.761964
   0.841104
   0.491556
   0.552110
   0.023048
   0.152011
   0.152455
   0.055895
   0.216475
   0.473079
   0.339383
   0.589162
   0.339660
   0.587199
   0.020516
   0.018254
   0.934671
   0.680882
   0.410120
   0.196225
   0.561026
   0.236343
   0.824806
   0.224482
   0.852774
   0.082332
   0.424026
   0.376902
   0.973843
   0.732798
   0.846917
   0.348970
   0.198885
   0.913921
   0.435227
   0.192719
   0.524974
   0.704901
   0.960740
   0.427413
   0.548201
   0.002815
   0.466960
   0.289224
   0.354447
   0.472723
   0.230573
   0.062888
   0.460327
   0.963950
   0.300685
   0.546375
   0.111523
   0.366183
   0.595115
   0.173029
   0.658552
   0.976804
   0.578042
   0.418007
   0.249723
   0.747813
   0.904377
   0.466537
   0.047844
   0.284461
   0.293542
   0.135715
   0.964532
   0.074777
   0.539641
   0.656743
   0.177237
   0.690540
   0.714441
   0.739435
   0.325207
   0.743161
   0.035366
   0.650879
   0.038756
   0.846695
   0.680038
   0.541710
   0.491977
   0.725616
   0.287911
   0.573159
   0.937925
   0.605769
   0.731688
   0.327273
   0.555947
   0.868648
   0.724561
   0.695658
   0.834632
   0.400892
   0.264864
   0.595979
   0.595728
   0.262352
   0.839245
   0.399582
   0.097485
   0.474782
   0.753498
   0.333780
   0.290309
   0.093838
   0.242738
   0.889787
   0.988597
   0.103137
   0.405843
   0.430791
   0.867624
   0.573350
   0.777802
   0.333115
   0.802116
   0.291457
   0.372139
   0.231834
   0.657988
   0.746369
   0.176737
   0.470896
   0.442277
   0.991887
   0.712670
   0.339150
   0.574098
   0.627099
   0.287445
   0.290943
   0.090682
   0.405647
   0.346066
   0.573037
   0.705556
   0.422489
   0.410587
   0.760370
   0.979351
   0.771508
   0.652907
   0.570521
   0.338137
   0.076918
   0.328494
   0.801806
   0.086648
   0.926251
   0.080365
   0.623768
   0.777956
   0.782239
   0.017581
   0.994855
   0.198654
   0.677571
   0.338200
   0.610431
   0.519579
   0.997156
   0.675567
   0.258566
   0.431660
   0.644841
   0.569368
   0.271211
   0.835638
   0.766118
   0.223870
   0.660503
   0.279439
   0.035037
   0.932677
   0.609784
   0.044411
   0.500345
   0.002344
   0.023852
   0.745830
   0.440081
   0.081384
   0.327800
   0.923161
   0.085946
   0.269588
   0.192617
   0.781478
   0.617051
   0.045286
   0.433910
   0.902549
   0.215829
   0.298466
   0.893440
   0.741994
   0.700387
   0.550950
   0.943471
   0.027289
   0.045304
   0.487595
   0.188051
   0.880731
   0.675413
   0.021060
   0.760413
   0.616173
   0.487764
   0.903311
   0.339342
   0.673011
   0.420747
   0.677079
   0.323725
   0.106242
   0.486649
   0.461370
   0.539074
   0.697446
   0.588689
   0.307428
   0.693869
   0.272040
   0.087852
   0.877022
   0.992408
   0.184140
   0.612897
   0.331875
   0.768411
   0.182398
   0.522048
   0.766743
   0.029673
   0.239101
   0.954697
   0.583117
   0.533092
   0.597162
   0.064668
   0.523366
   0.641928
   0.157147
   0.744005
   0.208670
   0.817916
   0.666139
   0.124864
   0.456741
   0.208672
   0.818394
   0.098243
   0.829563
   0.294323
   0.633892
   0.787115
   0.263067
   0.795251
   0.603150
   0.559661
   0.293331
   0.542026
   0.173958
   0.779342
   0.732557
   0.295701
   0.453812
   0.232252
   0.109760
   0.425076
   0.610808
   0.871971
   0.170001
   0.999543
   0.169351
   0.431928
   0.999371
   0.151630
   0.415478
   0.284688
   0.454310
   0.027243
   0.435148
   0.867071
   0.052552
   0.947358
   0.988214
   0.404069
   0.795904
   0.033511
   0.261501
   0.558116
   0.705966
   0.425483
   0.306151
   0.474699
   0.530975
   0.054138
   0.905808
   0.782133
   0.525395
   0.968017
   0.305796
   0.834839
   0.827368
   0.785916
   0.947895
   0.997417
   0.916610
   0.502056
   0.411352
   0.612375
   0.058377
   0.925233
   0.141563
   0.938850
   0.489222
   0.977370
   0.327169
   0.458876
   0.228174
   0.327193
   0.520497
   0.052801
   0.905764
   0.754650
   0.810449
   0.666199
   0.982027
   0.456626
   0.013318
   0.564327
   0.589475
   0.756022
   0.981537
   0.013806
   0.528019
   0.013252
   0.554695
   0.576710
   0.134368
   0.465460
   0.359979
   0.891496
   0.990494
   0.037342
   0.946984
   0.285914
   0.724210
   0.115942
   0.415227
   0.115135
   0.546199
   0.241411
   0.805733
   0.861512
   0.200841
   0.422407
   0.476825
   0.248230
   0.816217
   0.302114
   0.041207
   0.933506
   0.183870
   0.306603
   0.668832
   0.745951
   0.207731
   0.866907
   0.168423
   0.929051
   0.789030
   0.130201
   0.460163
   0.356487
   0.025983
   0.351884
   0.942777
   0.166105
   0.504339
   0.399037
   0.897881
   0.822442
   0.038571
   0.910478
   0.828650
   0.901380
   0.478984
   0.084852
   0.470928
   0.140783
   0.813767
   0.287410
   0.872211
   0.829722
   0.215688
   0.722897
   0.246666
   0.307838
   0.252956
   0.594279
   0.997565
   0.467128
   0.283023
   0.978294
   0.969968
   0.431799
   0.495720
   0.347599
   0.721593
   0.090230
   0.546901
   0.704642
   0.470410
   0.854291
   0.938836
   0.559047
   0.681036
   0.433511
   0.108227
   0.696325
   0.712944
   0.248697
   0.165361
   0.630262
   0.968044
   0.527486
   0.954203
   0.279086
   0.435806
   0.615597
   0.328417
   0.911406
   0.853224
   0.536108
   0.685485
   0.274613
   0.657214
   0.800254
   0.063238
   0.647183
   0.460429
   0.175794
   0.358187
   0.824887
   0.805348
   0.674477
   0.733664
   0.471799
   0.674485
   0.716114
   0.880736
   0.595327
   0.918210
   0.060830
   0.883038
   0.464970
   0.436688
   0.345717
   0.154825
   0.135228
   0.990038
   0.140284
   0.495412
   0.653109
   0.202828
   0.362753
   0.048581
   0.500436
   0.503505
   0.733676
   0.140787
   0.293630
   0.348151
   0.954880
   0.036384
   0.192898
   0.044988
   0.333148
   0.968621
   0.703928
   0.560080
   0.441115
   0.550730
   0.384382
   0.869838
   0.852147
   0.728078
   0.120175
   0.873940
   0.787953
   0.522479
   0.656366
   0.289808
   0.129920
   0.908556
   0.216294
   0.427282
   0.328768
   0.182717
   0.414447
   0.597676
   0.142467
   0.609519
   0.022971
   0.471775
   0.573667
   0.840156
   0.597634
   0.815888
   0.105507
   0.756393
   0.982902
   0.404277
   0.544909
   0.032595
   0.753828
   0.936080
   0.249966
   0.218702
   0.188356
   0.244990
   0.314558
   0.993991
   0.948050
   0.630077
   0.280431
   0.786352
   0.608352
   0.626549
   0.843016
   0.457987
   0.368344
   0.607587
   0.686255
   0.139593
   0.732305
   0.934477
   0.417244
   0.763522
   0.800906
   0.919444
   0.820908
   0.627523
   0.942362
   0.659417
   0.886701
   0.196539
   0.800621
   0.648499
   0.862697
   0.956082
   0.383947
   0.736097
   0.387767
   0.670985
   0.385502
   0.241630
   0.488238
   0.057976
   0.539402
   0.197923
   0.899493
   0.681929
   0.450989
   0.198003
   0.917801
   0.930297
   0.080879
   0.807809
   0.524298
   0.846631
   0.330431
   0.555856
   0.064763
   0.437691
   0.326813
   0.996903
   0.584023
   0.379134
   0.496454
   0.255039
   0.586635
   0.740214
   0.097538
   0.367667
   0.612203
   0.183406
   0.810548
   0.148274
   0.630012
   0.687687
   0.365552
   0.760573
   0.912141
   0.333996
   0.594631
   0.552689
   0.568779
   0.040839
   0.829578
   0.962359
   0.524277
   0.037379
   0.251051
   0.004665
   0.633164
   0.229363
   0.233479
   0.211581
   0.179527
   0.322909
   0.110474
   0.783230
   0.110230
   0.883232
   0.522321
   0.836164
   0.581602
   0.266688
   0.908340
   0.056245
   0.008020
   0.140475
   0.052030
   0.332101
   0.242974
   0.332861
   0.301962
   0.779143
   0.412415
   0.691500
   0.199807
   0.764232
   0.919345
   0.163141
   0.321970
   0.546846
   0.170919
   0.509190
   0.821772
   0.091402
   0.058899
   0.076544
   0.925502
   0.513097
   0.871831
   0.977439
   0.400277
   0.404359
   0.037324
   0.374976
   0.559251
   0.440765
   0.670042
   0.377121
   0.604835
   0.012448
   0.641213
   0.651544
   0.534264
   0.367338
   0.952940
   0.260454
   0.436633
   0.101593
   0.908208
   0.275493
   0.637581
   0.060125
   0.168338
   0.525187
   0.756464
   0.630568
   0.591481
   0.311942
   0.037103
   0.745874
   0.402561
   0.184941
   0.008205
   0.287091
   0.453798
   0.070187
   0.983324
   0.090681
   0.285976
   0.943594
   0.462696
   0.501801
   0.412757
   0.036948
   0.235176
   0.132238
   0.369243
   0.295767
   0.555597
   0.556099
   0.846252
   0.346846
   0.334594
   0.167336
   0.116524
   0.726397
   0.779370
   0.528060
   0.280865
   0.759100
   0.248758
   0.612215
   0.617906
   0.209323
   0.948574
   0.412854
   0.378862
   0.776129
   0.971583
   0.107667
   0.416377
   0.994934
   0.910120
   0.374049
   0.357317
   0.873071
   0.873571
   0.790813
   0.606738
   0.119841
   0.840045
   0.288199
   0.677543
   0.893513
   0.486993
   0.186129
   0.522879
   0.703291
   0.993368
   0.779130
   0.832073
   0.362050
   0.446005
   0.892985
   0.445585
   0.168433
   0.952643
   0.547439
   0.349010
   0.557301
   0.661961
   0.983895
   0.784147
