-2.000000E+00 0.000000E+00 1.727043E+00
-1.965000E+00 3.317819E-03 1.668685E+00
-1.930000E+00 6.886564E-03 1.611894E+00
-1.895000E+00 1.072863E-02 1.556658E+00
-1.860000E+00 1.486869E-02 1.502974E+00
-1.825000E+00 1.933384E-02 1.450845E+00
-1.790000E+00 2.415388E-02 1.400276E+00
-1.755000E+00 2.936156E-02 1.351270E+00
-1.720000E+00 3.499277E-02 1.303837E+00
-1.685000E+00 4.108688E-02 1.257981E+00
-1.650000E+00 4.768697E-02 1.213712E+00
-1.615000E+00 5.484013E-02 1.171038E+00
-1.580000E+00 6.259764E-02 1.129965E+00
-1.545000E+00 7.101525E-02 1.090503E+00
-1.510000E+00 8.015331E-02 1.052659E+00
-1.475000E+00 9.007684E-02 1.016441E+00
-1.440000E+00 1.008555E-01 9.818551E-01
-1.405000E+00 1.125635E-01 9.489069E-01
-1.370000E+00 1.252788E-01 9.176009E-01
-1.335000E+00 1.390828E-01 8.879397E-01
-1.300000E+00 1.540594E-01 8.599238E-01
-1.265000E+00 1.702926E-01 8.335508E-01
-1.230000E+00 1.878656E-01 8.088154E-01
-1.195000E+00 2.068570E-01 7.857082E-01
-1.160000E+00 2.273379E-01 7.642152E-01
-1.125000E+00 2.493672E-01 7.443169E-01
-1.090000E+00 2.729865E-01 7.259881E-01
-1.055000E+00 2.982141E-01 7.091963E-01
-1.020000E+00 3.250384E-01 6.939015E-01
-9.850000E-01 3.534107E-01 6.800554E-01
-9.500000E-01 3.832393E-01 6.676013E-01
-9.150000E-01 4.143833E-01 6.564736E-01
-8.800000E-01 4.466503E-01 6.465983E-01
-8.450000E-01 4.797961E-01 6.378933E-01
-8.100000E-01 5.135298E-01 6.302703E-01
-7.750000E-01 5.475229E-01 6.236357E-01
-7.400000E-01 5.814241E-01 6.178933E-01
-7.050000E-01 6.148776E-01 6.129463E-01
-6.700000E-01 6.475425E-01 6.087000E-01
-6.350000E-01 6.791113E-01 6.050641E-01
-6.000000E-01 7.093248E-01 6.019545E-01
-5.650000E-01 7.379803E-01 5.992951E-01
-5.300000E-01 7.649344E-01 5.970183E-01
-4.950000E-01 7.900991E-01 5.950651E-01
-4.600000E-01 8.134348E-01 5.933856E-01
-4.250000E-01 8.349398E-01 5.919373E-01
-3.900000E-01 8.546408E-01 5.906851E-01
-3.550000E-01 8.725835E-01 5.896000E-01
-3.200000E-01 8.888247E-01 5.886582E-01
-2.850000E-01 9.034266E-01 5.878401E-01
-2.500000E-01 9.164529E-01 5.871298E-01
-2.150000E-01 9.279654E-01 5.865145E-01
-1.800000E-01 9.380229E-01 5.859833E-01
-1.450000E-01 9.466801E-01 5.855275E-01
-1.100000E-01 9.539872E-01 5.851399E-01
-7.500000E-02 9.599902E-01 5.848145E-01
-4.000000E-02 9.647315E-01 5.845463E-01
-5.000000E-03 9.682498E-01 5.843311E-01
3.000000E-02 9.705815E-01 5.841653E-01
6.500000E-02 9.717608E-01 5.840461E-01
1.000000E-01 9.718221E-01 5.839707E-01
1.350000E-01 9.708010E-01 5.839374E-01
1.700000E-01 9.687401E-01 5.839446E-01
2.050000E-01 9.656973E-01 5.839921E-01
2.400000E-01 9.617634E-01 5.840805E-01
2.750000E-01 9.570938E-01 5.842128E-01
3.100000E-01 9.519580E-01 5.843939E-01
3.450000E-01 9.468105E-01 5.846300E-01
3.800000E-01 9.423753E-01 5.849253E-01
4.150000E-01 9.397226E-01 5.852728E-01
4.500000E-01 9.402959E-01 5.856355E-01
4.850000E-01 9.458049E-01 5.859119E-01
5.200000E-01 9.577605E-01 5.858729E-01
5.550000E-01 9.759229E-01 5.850534E-01
5.900000E-01 9.932743E-01 5.825759E-01
6.250000E-01 9.815713E-01 5.769677E-01
6.600000E-01 8.723680E-01 5.665719E-01
6.950000E-01 6.474639E-01 5.521126E-01
7.300000E-01 4.607651E-01 5.381533E-01
7.650000E-01 3.346058E-01 5.270795E-01
8.000000E-01 2.433742E-01 5.193731E-01
8.350000E-01 1.742722E-01 5.150630E-01
8.700000E-01 1.206470E-01 5.140784E-01
9.050000E-01 7.859236E-02 5.163248E-01
9.400000E-01 4.557503E-02 5.217066E-01
9.750000E-01 1.981838E-02 5.301407E-01
1.010000E+00 0.000000E+00 5.415868E-01
1.045000E+00 0.000000E+00 5.561356E-01
1.080000E+00 0.000000E+00 5.732724E-01
1.115000E+00 0.000000E+00 5.927372E-01
1.150000E+00 0.000000E+00 6.143675E-01
1.185000E+00 0.000000E+00 6.380448E-01
1.220000E+00 0.000000E+00 6.636771E-01
1.255000E+00 0.000000E+00 6.911901E-01
1.290000E+00 0.000000E+00 7.205227E-01
1.325000E+00 0.000000E+00 7.516229E-01
1.360000E+00 0.000000E+00 7.844466E-01
1.395000E+00 0.000000E+00 8.189555E-01
1.430000E+00 0.000000E+00 8.551161E-01
1.465000E+00 0.000000E+00 8.928988E-01
1.500000E+00 0.000000E+00 9.322775E-01
-2.000000E+00 0.000000E+00 1.719194E+00
-1.965000E+00 3.351301E-03 1.671564E+00
-1.930000E+00 6.922520E-03 1.624965E+00
-1.895000E+00 1.073164E-02 1.578883E+00
-1.860000E+00 1.480042E-02 1.532864E+00
-1.825000E+00 1.915503E-02 1.486529E+00
-1.790000E+00 2.382676E-02 1.439593E+00
-1.755000E+00 2.885267E-02 1.391875E+00
-1.720000E+00 3.427620E-02 1.343305E+00
-1.685000E+00 4.014772E-02 1.293933E+00
-1.650000E+00 4.652480E-02 1.243923E+00
-1.615000E+00 5.347212E-02 1.193545E+00
-1.580000E+00 6.106079E-02 1.143161E+00
-1.545000E+00 6.936677E-02 1.093212E+00
-1.510000E+00 7.846796E-02 1.044192E+00
-1.475000E+00 8.843951E-02 9.966256E-01
-1.440000E+00 9.934701E-02 9.510411E-01
-1.405000E+00 1.112372E-01 9.079456E-01
-1.370000E+00 1.241270E-01 8.677990E-01
-1.335000E+00 1.379908E-01 8.309906E-01
-1.300000E+00 1.527505E-01 7.978198E-01
-1.265000E+00 1.682702E-01 7.684812E-01
-1.230000E+00 1.843612E-01 7.430553E-01
-1.195000E+00 2.008014E-01 7.215061E-01
-1.160000E+00 2.173689E-01 7.036840E-01
-1.125000E+00 2.338870E-01 6.893357E-01
-1.090000E+00 2.502677E-01 6.781183E-01
-1.055000E+00 2.665436E-01 6.696177E-01
-1.020000E+00 2.828770E-01 6.633688E-01
-9.850000E-01 2.995462E-01 6.588771E-01
-9.500000E-01 3.169158E-01 6.556412E-01
-9.150000E-01 3.354030E-01 6.531748E-01
-8.800000E-01 3.554502E-01 6.510281E-01
-8.450000E-01 3.775082E-01 6.488077E-01
-8.100000E-01 4.020309E-01 6.461938E-01
-7.750000E-01 4.294760E-01 6.429539E-01
-7.400000E-01 4.603085E-01 6.389513E-01
-7.050000E-01 4.949985E-01 6.341486E-01
-6.700000E-01 5.340085E-01 6.286031E-01
-6.350000E-01 5.777599E-01 6.224573E-01
-6.000000E-01 6.265716E-01 6.159204E-01
-5.650000E-01 6.805592E-01 6.092450E-01
-5.300000E-01 7.394887E-01 6.026986E-01
-4.950000E-01 8.025949E-01 5.965324E-01
-4.600000E-01 8.684009E-01 5.909531E-01
-4.250000E-01 9.346176E-01 5.861026E-01
-3.900000E-01 9.982273E-01 5.820503E-01
-3.550000E-01 1.055809E+00 5.788004E-01
-3.200000E-01 1.104039E+00 5.763108E-01
-2.850000E-01 1.140187E+00 5.745145E-01
-2.500000E-01 1.162414E+00 5.733363E-01
-2.150000E-01 1.169855E+00 5.727006E-01
-1.800000E-01 1.162488E+00 5.725309E-01
-1.450000E-01 1.140861E+00 5.727461E-01
-1.100000E-01 1.105777E+00 5.732599E-01
-7.500000E-02 1.058271E+00 5.739966E-01
-4.000000E-02 1.000463E+00 5.749281E-01
-5.000000E-03 9.368735E-01 5.761086E-01
3.000000E-02 8.742222E-01 5.776522E-01
6.500000E-02 8.188585E-01 5.796418E-01
1.000000E-01 7.744705E-01 5.820467E-01
1.350000E-01 7.420507E-01 5.847112E-01
1.700000E-01 7.210503E-01 5.873991E-01
2.050000E-01 7.103639E-01 5.898530E-01
2.400000E-01 7.088364E-01 5.918413E-01
2.750000E-01 7.154504E-01 5.931907E-01
3.100000E-01 7.293576E-01 5.938022E-01
3.450000E-01 7.498431E-01 5.936560E-01
3.800000E-01 7.762672E-01 5.928055E-01
4.150000E-01 8.080041E-01 5.913641E-01
4.500000E-01 8.444067E-01 5.894865E-01
4.850000E-01 8.848355E-01 5.873453E-01
5.200000E-01 9.288281E-01 5.851061E-01
5.550000E-01 9.765263E-01 5.828954E-01
5.900000E-01 1.029517E+00 5.807501E-01
6.250000E-01 1.092153E+00 5.785072E-01
6.600000E-01 1.172399E+00 5.755043E-01
6.950000E-01 1.271758E+00 5.696938E-01
7.300000E-01 1.262879E+00 5.553067E-01
7.650000E-01 3.502076E-01 5.243977E-01
8.000000E-01 2.536095E-01 5.095405E-01
8.350000E-01 1.725433E-01 5.039210E-01
8.700000E-01 1.120350E-01 5.054073E-01
9.050000E-01 6.801836E-02 5.130031E-01
9.400000E-01 3.658557E-02 5.258816E-01
9.750000E-01 1.468945E-02 5.432537E-01
1.010000E+00 0.000000E+00 5.643638E-01
1.045000E+00 0.000000E+00 5.885485E-01
1.080000E+00 0.000000E+00 6.147846E-01
1.115000E+00 0.000000E+00 6.423086E-01
1.150000E+00 0.000000E+00 6.705069E-01
1.185000E+00 0.000000E+00 6.988891E-01
1.220000E+00 0.000000E+00 7.270885E-01
1.255000E+00 0.000000E+00 7.548647E-01
1.290000E+00 0.000000E+00 7.821064E-01
1.325000E+00 0.000000E+00 8.088291E-01
1.360000E+00 0.000000E+00 8.351697E-01
1.395000E+00 0.000000E+00 8.613750E-01
1.430000E+00 0.000000E+00 8.877871E-01
1.465000E+00 0.000000E+00 9.148236E-01
1.500000E+00 0.000000E+00 9.429553E-01
-2.000000E+00 0.000000E+00 1.711916E+00
-1.965000E+00 3.412285E-03 1.675035E+00
-1.930000E+00 7.015759E-03 1.638650E+00
-1.895000E+00 1.082510E-02 1.601746E+00
-1.860000E+00 1.486039E-02 1.563416E+00
-1.825000E+00 1.914806E-02 1.522904E+00
-1.790000E+00 2.372192E-02 1.479630E+00
-1.755000E+00 2.862420E-02 1.433228E+00
-1.720000E+00 3.390665E-02 1.383555E+00
-1.685000E+00 3.963161E-02 1.330702E+00
-1.650000E+00 4.587281E-02 1.274986E+00
-1.615000E+00 5.271580E-02 1.216942E+00
-1.580000E+00 6.025721E-02 1.157287E+00
-1.545000E+00 6.860219E-02 1.096892E+00
-1.510000E+00 7.785849E-02 1.036739E+00
-1.475000E+00 8.812533E-02 9.778677E-01
-1.440000E+00 9.947480E-02 9.213277E-01
-1.405000E+00 1.119234E-01 8.681244E-01
-1.370000E+00 1.253932E-01 8.191676E-01
-1.335000E+00 1.396677E-01 7.752259E-01
-1.300000E+00 1.543539E-01 7.368878E-01
-1.265000E+00 1.688782E-01 7.045349E-01
-1.230000E+00 1.825477E-01 6.783283E-01
-1.195000E+00 1.946976E-01 6.582090E-01
-1.160000E+00 2.049013E-01 6.439117E-01
-1.125000E+00 2.131544E-01 6.349860E-01
-1.090000E+00 2.199272E-01 6.308210E-01
-1.055000E+00 2.260450E-01 6.306707E-01
-1.020000E+00 2.324658E-01 6.336814E-01
-9.850000E-01 2.400778E-01 6.389237E-01
-9.500000E-01 2.495926E-01 6.454329E-01
-9.150000E-01 2.615371E-01 6.522550E-01
-8.800000E-01 2.763064E-01 6.584952E-01
-8.450000E-01 2.942364E-01 6.633660E-01
-8.100000E-01 3.156748E-01 6.662301E-01
-7.750000E-01 3.410410E-01 6.666353E-01
-7.400000E-01 3.708769E-01 6.643386E-01
-7.050000E-01 4.058896E-01 6.593185E-01
-6.700000E-01 4.469860E-01 6.517741E-01
-6.350000E-01 4.952962E-01 6.421089E-01
-6.000000E-01 5.521656E-01 6.308996E-01
-5.650000E-01 6.190812E-01 6.188476E-01
-5.300000E-01 6.974617E-01 6.067138E-01
-4.950000E-01 7.881994E-01 5.952357E-01
-4.600000E-01 8.908321E-01 5.850327E-01
-4.250000E-01 1.002373E+00 5.765151E-01
-3.900000E-01 1.116339E+00 5.698281E-01
-3.550000E-01 1.223200E+00 5.648714E-01
-3.200000E-01 1.312917E+00 5.614006E-01
-2.850000E-01 1.377872E+00 5.591502E-01
-2.500000E-01 1.413990E+00 5.579044E-01
-2.150000E-01 1.420297E+00 5.575046E-01
-1.800000E-01 1.398359E+00 5.578208E-01
-1.450000E-01 1.351648E+00 5.586941E-01
-1.100000E-01 1.281928E+00 5.598141E-01
-7.500000E-02 1.178133E+00 5.605988E-01
-4.000000E-02 1.016616E+00 5.606125E-01
-5.000000E-03 8.269964E-01 5.609245E-01
3.000000E-02 6.855040E-01 5.635493E-01
6.500000E-02 5.975580E-01 5.688683E-01
1.000000E-01 5.449355E-01 5.760830E-01
1.350000E-01 5.157357E-01 5.841180E-01
1.700000E-01 5.031622E-01 5.919546E-01
2.050000E-01 5.032584E-01 5.987447E-01
2.400000E-01 5.137107E-01 6.038579E-01
2.750000E-01 5.332308E-01 6.069007E-01
3.100000E-01 5.612127E-01 6.077181E-01
3.450000E-01 5.975161E-01 6.063801E-01
3.800000E-01 6.422957E-01 6.031536E-01
4.150000E-01 6.958204E-01 5.984603E-01
4.500000E-01 7.582329E-01 5.928202E-01
4.850000E-01 8.292141E-01 5.867863E-01
5.200000E-01 9.075638E-01 5.808726E-01
5.550000E-01 9.908451E-01 5.754893E-01
5.900000E-01 1.075486E+00 5.708975E-01
6.250000E-01 1.158023E+00 5.671918E-01
6.600000E-01 1.238406E+00 5.642885E-01
6.950000E-01 1.326764E+00 5.617996E-01
7.300000E-01 1.455753E+00 5.583172E-01
7.650000E-01 1.662003E+00 5.476852E-01
8.000000E-01 2.219957E-01 5.091501E-01
8.350000E-01 1.565707E-01 4.972619E-01
8.700000E-01 9.808670E-02 4.995155E-01
9.050000E-01 5.572606E-02 5.116229E-01
9.400000E-01 2.746886E-02 5.315006E-01
9.750000E-01 9.885378E-03 5.574704E-01
1.010000E+00 0.000000E+00 5.879889E-01
1.045000E+00 0.000000E+00 6.216221E-01
1.080000E+00 0.000000E+00 6.568154E-01
1.115000E+00 0.000000E+00 6.922882E-01
1.150000E+00 0.000000E+00 7.269669E-01
1.185000E+00 0.000000E+00 7.599837E-01
1.220000E+00 0.000000E+00 7.906927E-01
1.255000E+00 0.000000E+00 8.186846E-01
1.290000E+00 0.000000E+00 8.437958E-01
1.325000E+00 0.000000E+00 8.661078E-01
1.360000E+00 0.000000E+00 8.859370E-01
1.395000E+00 0.000000E+00 9.038147E-01
1.430000E+00 0.000000E+00 9.204577E-01
1.465000E+00 0.000000E+00 9.367303E-01
1.500000E+00 0.000000E+00 9.535998E-01
-2.000000E+00 0.000000E+00 1.705185E+00
-1.965000E+00 3.533825E-03 1.679082E+00
-1.930000E+00 7.233695E-03 1.652943E+00
-1.895000E+00 1.111215E-02 1.625251E+00
-1.860000E+00 1.518905E-02 1.594650E+00
-1.825000E+00 1.949276E-02 1.559999E+00
-1.790000E+00 2.406145E-02 1.520432E+00
-1.755000E+00 2.894461E-02 1.475392E+00
-1.720000E+00 3.420478E-02 1.424665E+00
-1.685000E+00 3.991966E-02 1.368382E+00
-1.650000E+00 4.618429E-02 1.307018E+00
-1.615000E+00 5.311317E-02 1.241367E+00
-1.580000E+00 6.084141E-02 1.172505E+00
-1.545000E+00 6.952349E-02 1.101735E+00
-1.510000E+00 7.932679E-02 1.030524E+00
-1.475000E+00 9.041508E-02 9.604282E-01
-1.440000E+00 1.029141E-01 8.930168E-01
-1.405000E+00 1.168486E-01 8.297891E-01
-1.370000E+00 1.320406E-01 7.720965E-01
-1.335000E+00 1.479677E-01 7.210708E-01
-1.300000E+00 1.636190E-01 6.775665E-01
-1.265000E+00 1.774530E-01 6.421245E-01
-1.230000E+00 1.876428E-01 6.149643E-01
-1.195000E+00 1.927365E-01 5.960056E-01
-1.160000E+00 1.925106E-01 5.849055E-01
-1.125000E+00 1.883594E-01 5.810887E-01
-1.090000E+00 1.827484E-01 5.837550E-01
-1.055000E+00 1.781539E-01 5.918789E-01
-1.020000E+00 1.763181E-01 6.042265E-01
-9.850000E-01 1.781186E-01 6.194040E-01
-9.500000E-01 1.838090E-01 6.359319E-01
-9.150000E-01 1.933264E-01 6.523312E-01
-8.800000E-01 2.065262E-01 6.672103E-01
-8.450000E-01 2.233290E-01 6.793451E-01
-8.100000E-01 2.438034E-01 6.877480E-01
-7.750000E-01 2.682197E-01 6.917226E-01
-7.400000E-01 2.970932E-01 6.909026E-01
-7.050000E-01 3.312374E-01 6.852723E-01
-6.700000E-01 3.718338E-01 6.751693E-01
-6.350000E-01 4.205266E-01 6.612659E-01
-6.000000E-01 4.795370E-01 6.445298E-01
-5.650000E-01 5.517716E-01 6.261601E-01
-5.300000E-01 6.408358E-01 6.074944E-01
-4.950000E-01 7.507159E-01 5.898795E-01
-4.600000E-01 8.845888E-01 5.744964E-01
-4.250000E-01 1.041877E+00 5.621435E-01
-3.900000E-01 1.213455E+00 5.530380E-01
-3.550000E-01 1.379561E+00 5.467989E-01
-3.200000E-01 1.517999E+00 5.427499E-01
-2.850000E-01 1.614941E+00 5.403038E-01
-2.500000E-01 1.665374E+00 5.390912E-01
-2.150000E-01 1.669391E+00 5.388995E-01
-1.800000E-01 1.630793E+00 5.395901E-01
-1.450000E-01 1.558451E+00 5.410040E-01
-1.100000E-01 1.466060E+00 5.426701E-01
-7.500000E-02 1.326884E+00 5.428687E-01
-4.000000E-02 9.382445E-01 5.388550E-01
-5.000000E-03 5.728933E-01 5.374282E-01
3.000000E-02 4.488912E-01 5.443888E-01
6.500000E-02 3.857317E-01 5.566730E-01
1.000000E-01 3.537538E-01 5.716095E-01
1.350000E-01 3.409168E-01 5.870598E-01
1.700000E-01 3.412316E-01 6.013047E-01
2.050000E-01 3.515027E-01 6.130232E-01
2.400000E-01 3.700864E-01 6.212939E-01
2.750000E-01 3.963327E-01 6.255955E-01
3.100000E-01 4.303145E-01 6.257984E-01
3.450000E-01 4.726947E-01 6.221421E-01
3.800000E-01 5.246550E-01 6.151933E-01
4.150000E-01 5.878222E-01 6.057841E-01
4.500000E-01 6.640986E-01 5.949260E-01
4.850000E-01 7.552392E-01 5.836981E-01
5.200000E-01 8.619286E-01 5.731086E-01
5.550000E-01 9.821428E-01 5.639439E-01
5.900000E-01 1.109166E+00 5.566406E-01
6.250000E-01 1.231165E+00 5.512516E-01
6.600000E-01 1.334876E+00 5.475537E-01
6.950000E-01 1.412629E+00 5.452157E-01
7.300000E-01 1.471050E+00 5.438207E-01
7.650000E-01 1.547509E+00 5.422655E-01
8.000000E-01 1.699243E+00 5.349130E-01
8.350000E-01 1.213927E-01 5.008150E-01
8.700000E-01 7.781255E-02 4.987624E-01
9.050000E-01 4.127531E-02 5.135968E-01
9.400000E-01 1.776657E-02 5.395674E-01
9.750000E-01 5.062637E-03 5.735840E-01
1.010000E+00 0.000000E+00 6.131366E-01
1.045000E+00 0.000000E+00 6.559498E-01
1.080000E+00 0.000000E+00 6.999002E-01
1.115000E+00 0.000000E+00 7.431675E-01
1.150000E+00 0.000000E+00 7.842046E-01
1.185000E+00 0.000000E+00 8.217574E-01
1.220000E+00 0.000000E+00 8.548949E-01
1.255000E+00 0.000000E+00 8.830350E-01
1.290000E+00 0.000000E+00 9.059587E-01
1.325000E+00 0.000000E+00 9.238112E-01
1.360000E+00 0.000000E+00 9.370870E-01
1.395000E+00 0.000000E+00 9.466008E-01
1.430000E+00 0.000000E+00 9.534428E-01
1.465000E+00 0.000000E+00 9.589233E-01
1.500000E+00 0.000000E+00 9.645057E-01
